V1,V2,V3,V4,V5,V6,V7,V8,V9,V10
-2.19747,-2.20754,-2.11736,-2.13098,-2.1241,-2.21982,-2.0734,-2.21193,-2.14519,-2.12176
-2.1197,-2.19747,-2.20754,-2.11736,-2.13098,-2.1241,-2.21982,-2.0734,-2.13027,-2.09212
-2.10325,-2.06258,-2.08823,-2.1197,-2.19747,-2.20754,-2.11736,-2.13098,-2.08473,-2.04409
-2.06258,-2.08823,-2.1197,-2.19747,-2.20754,-2.11736,-2.13098,-2.1241,-2.04369,-2.10364
-2.1521,-2.10325,-2.06258,-2.08823,-2.1197,-2.19747,-2.20754,-2.11736,-2.08629,-2.0577
-2.08823,-2.1197,-2.19747,-2.20754,-2.11736,-2.13098,-2.1241,-2.21982,-2.07758,-2.07285
-2.20754,-2.11736,-2.13098,-2.1241,-2.21982,-2.0734,-2.21193,-2.1848,-2.11293,-2.05329
-2.17267,-2.21145,-2.21949,-2.15782,-2.17842,-2.20813,-2.23523,-2.13632,-2.1197,-2.13027
-2.21145,-2.21949,-2.15782,-2.17842,-2.20813,-2.23523,-2.13632,-2.26976,-2.19747,-2.14519
-2.21949,-2.15782,-2.17842,-2.20813,-2.23523,-2.13632,-2.26976,-2.26428,-2.20754,-2.11293
-2.13094,-2.17267,-2.21145,-2.21949,-2.15782,-2.17842,-2.20813,-2.23523,-2.08823,-2.07758
-2.1652,-2.12379,-2.13094,-2.17267,-2.21145,-2.21949,-2.15782,-2.17842,-2.10325,-2.08473
-2.19267,-2.1652,-2.12379,-2.13094,-2.17267,-2.21145,-2.21949,-2.15782,-2.1521,-2.08629
-2.12379,-2.13094,-2.17267,-2.21145,-2.21949,-2.15782,-2.17842,-2.20813,-2.06258,-2.04369
-2.26233,-2.16703,-2.16118,-2.31094,-2.19901,-2.13763,-2.30455,-2.26445,-2.21949,-2.20754
-2.16296,-2.19787,-2.15749,-2.21236,-2.24979,-2.26233,-2.16703,-2.16118,-2.1652,-2.10325
-2.19787,-2.15749,-2.21236,-2.24979,-2.26233,-2.16703,-2.16118,-2.31094,-2.12379,-2.06258
-2.21236,-2.24979,-2.26233,-2.16703,-2.16118,-2.31094,-2.19901,-2.13763,-2.17267,-2.1197
-2.15749,-2.21236,-2.24979,-2.26233,-2.16703,-2.16118,-2.31094,-2.19901,-2.13094,-2.08823
-2.24979,-2.26233,-2.16703,-2.16118,-2.31094,-2.19901,-2.13763,-2.30455,-2.21145,-2.19747
-2.23029,-2.16296,-2.19787,-2.15749,-2.21236,-2.24979,-2.26233,-2.16703,-2.19267,-2.1521
-2.18315,-2.19705,-2.28443,-2.27931,-2.18234,-2.19051,-2.33169,-2.39284,-2.15749,-2.13094
-2.28443,-2.27931,-2.18234,-2.19051,-2.33169,-2.39284,-2.21409,-2.32254,-2.24979,-2.21145
-2.19705,-2.28443,-2.27931,-2.18234,-2.19051,-2.33169,-2.39284,-2.21409,-2.21236,-2.17267
-2.20748,-2.21431,-2.18315,-2.19705,-2.28443,-2.27931,-2.18234,-2.19051,-2.16296,-2.1652
-2.21431,-2.18315,-2.19705,-2.28443,-2.27931,-2.18234,-2.19051,-2.33169,-2.19787,-2.12379
-2.23992,-2.20748,-2.21431,-2.18315,-2.19705,-2.28443,-2.27931,-2.18234,-2.23029,-2.19267
-2.27931,-2.18234,-2.19051,-2.33169,-2.39284,-2.21409,-2.32254,-2.28607,-2.26233,-2.21949
-2.15132,-2.20026,-2.14731,-2.16634,-2.22886,-2.26744,-2.24384,-2.1574,-2.20748,-2.16296
-2.27866,-2.15132,-2.20026,-2.14731,-2.16634,-2.22886,-2.26744,-2.24384,-2.23992,-2.23029
-2.16634,-2.22886,-2.26744,-2.24384,-2.1574,-2.31383,-2.37484,-2.20011,-2.19705,-2.21236
-2.26744,-2.24384,-2.1574,-2.31383,-2.37484,-2.20011,-2.33275,-2.29548,-2.27931,-2.26233
-2.14731,-2.16634,-2.22886,-2.26744,-2.24384,-2.1574,-2.31383,-2.37484,-2.18315,-2.15749
-2.22886,-2.26744,-2.24384,-2.1574,-2.31383,-2.37484,-2.20011,-2.33275,-2.28443,-2.24979
-2.20026,-2.14731,-2.16634,-2.22886,-2.26744,-2.24384,-2.1574,-2.31383,-2.21431,-2.19787
-2.2221,-2.19012,-2.02874,-2.19765,-2.25845,-2.09768,-2.23701,-2.17442,-2.26744,-2.27931
-2.18856,-2.12336,-2.15473,-2.04695,-2.10648,-2.2221,-2.19012,-2.02874,-2.15132,-2.20748
-2.12336,-2.15473,-2.04695,-2.10648,-2.2221,-2.19012,-2.02874,-2.19765,-2.20026,-2.21431
-2.10648,-2.2221,-2.19012,-2.02874,-2.19765,-2.25845,-2.09768,-2.23701,-2.22886,-2.28443
-2.15473,-2.04695,-2.10648,-2.2221,-2.19012,-2.02874,-2.19765,-2.25845,-2.14731,-2.18315
-2.04695,-2.10648,-2.2221,-2.19012,-2.02874,-2.19765,-2.25845,-2.09768,-2.16634,-2.19705
-2.19202,-2.18856,-2.12336,-2.15473,-2.04695,-2.10648,-2.2221,-2.19012,-2.27866,-2.23992
-2.13465,-2.01841,-2.04742,-2.01791,-2.09144,-1.99382,-2.11907,-2.07123,-2.15473,-2.14731
-2.01841,-2.04742,-2.01791,-2.09144,-1.99382,-2.11907,-2.07123,-1.97129,-2.04695,-2.16634
-2.04742,-2.01791,-2.09144,-1.99382,-2.11907,-2.07123,-1.97129,-2.07606,-2.10648,-2.22886
-2.03327,-2.06702,-2.01533,-2.13465,-2.01841,-2.04742,-2.01791,-2.09144,-2.19202,-2.27866
-2.06702,-2.01533,-2.13465,-2.01841,-2.04742,-2.01791,-2.09144,-1.99382,-2.18856,-2.15132
-2.01533,-2.13465,-2.01841,-2.04742,-2.01791,-2.09144,-1.99382,-2.11907,-2.12336,-2.20026
-2.01791,-2.09144,-1.99382,-2.11907,-2.07123,-1.97129,-2.07606,-2.11249,-2.2221,-2.26744
-2.02214,-2.07989,-1.99703,-2.06384,-1.99246,-2.02141,-2.10039,-2.01903,-2.03327,-2.19202
-1.99246,-2.02141,-2.10039,-2.01903,-2.1477,-2.14227,-2.02999,-1.97291,-2.01841,-2.04695
-2.02141,-2.10039,-2.01903,-2.1477,-2.14227,-2.02999,-1.97291,-1.97137,-2.04742,-2.10648
-1.99703,-2.06384,-1.99246,-2.02141,-2.10039,-2.01903,-2.1477,-2.14227,-2.01533,-2.12336
-2.07989,-1.99703,-2.06384,-1.99246,-2.02141,-2.10039,-2.01903,-2.1477,-2.06702,-2.18856
-2.10039,-2.01903,-2.1477,-2.14227,-2.02999,-1.97291,-1.97137,-2.10551,-2.01791,-2.2221
-2.06384,-1.99246,-2.02141,-2.10039,-2.01903,-2.1477,-2.14227,-2.02999,-2.13465,-2.15473
-1.99743,-2.0489,-2.09818,-2.12313,-2.03909,-1.97358,-2.03217,-1.99858,-2.10039,-2.01791
-2.01242,-2.04464,-2.0508,-1.91334,-1.99452,-1.99743,-2.0489,-2.09818,-2.07989,-2.06702
-2.04464,-2.0508,-1.91334,-1.99452,-1.99743,-2.0489,-2.09818,-2.12313,-1.99703,-2.01533
-1.91334,-1.99452,-1.99743,-2.0489,-2.09818,-2.12313,-2.03909,-1.97358,-1.99246,-2.01841
-1.99452,-1.99743,-2.0489,-2.09818,-2.12313,-2.03909,-1.97358,-2.03217,-2.02141,-2.04742
-2.03677,-2.01242,-2.04464,-2.0508,-1.91334,-1.99452,-1.99743,-2.0489,-2.02214,-2.03327
-2.0508,-1.91334,-1.99452,-1.99743,-2.0489,-2.09818,-2.12313,-2.03909,-2.06384,-2.13465
-1.88449,-1.8397,-1.93892,-1.92645,-1.99805,-1.96014,-2.04601,-1.97131,-2.0508,-2.06384
-1.8397,-1.93892,-1.92645,-1.99805,-1.96014,-2.04601,-1.97131,-1.95159,-1.91334,-1.99246
-1.93892,-1.92645,-1.99805,-1.96014,-2.04601,-1.97131,-1.95159,-2.00039,-1.99452,-2.02141
-2.00276,-1.88449,-1.8397,-1.93892,-1.92645,-1.99805,-1.96014,-2.04601,-2.04464,-1.99703
-1.97335,-1.89039,-2.00276,-1.88449,-1.8397,-1.93892,-1.92645,-1.99805,-2.03677,-2.02214
-1.89039,-2.00276,-1.88449,-1.8397,-1.93892,-1.92645,-1.99805,-1.96014,-2.01242,-2.07989
-1.92645,-1.99805,-1.96014,-2.04601,-1.97131,-1.95159,-2.00039,-1.95327,-1.99743,-2.10039
-1.93568,-1.88024,-1.9628,-1.84799,-1.81428,-1.98605,-1.85062,-1.97905,-1.97335,-2.03677
-1.9628,-1.84799,-1.81428,-1.98605,-1.85062,-1.97905,-1.96167,-1.99321,-2.00276,-2.04464
-1.88024,-1.9628,-1.84799,-1.81428,-1.98605,-1.85062,-1.97905,-1.96167,-1.89039,-2.01242
-1.81428,-1.98605,-1.85062,-1.97905,-1.96167,-1.99321,-1.92747,-1.94397,-1.8397,-1.91334
-1.85062,-1.97905,-1.96167,-1.99321,-1.92747,-1.94397,-1.93857,-1.89077,-1.92645,-1.99743
-1.84799,-1.81428,-1.98605,-1.85062,-1.97905,-1.96167,-1.99321,-1.92747,-1.88449,-2.0508
-1.98605,-1.85062,-1.97905,-1.96167,-1.99321,-1.92747,-1.94397,-1.93857,-1.93892,-1.99452
-1.93174,-1.86506,-1.85656,-1.75517,-1.74104,-1.86251,-1.84664,-1.94109,-1.93568,-1.97335
-1.86506,-1.85656,-1.75517,-1.74104,-1.86251,-1.84664,-1.94109,-1.94004,-1.88024,-1.89039
-1.85656,-1.75517,-1.74104,-1.86251,-1.84664,-1.94109,-1.94004,-1.89729,-1.9628,-2.00276
-1.74104,-1.86251,-1.84664,-1.94109,-1.94004,-1.89729,-1.91683,-1.86334,-1.81428,-1.8397
-1.86251,-1.84664,-1.94109,-1.94004,-1.89729,-1.91683,-1.86334,-1.83391,-1.98605,-1.93892
-1.75517,-1.74104,-1.86251,-1.84664,-1.94109,-1.94004,-1.89729,-1.91683,-1.84799,-1.88449
-1.84664,-1.94109,-1.94004,-1.89729,-1.91683,-1.86334,-1.83391,-1.91992,-1.85062,-1.92645
-1.78245,-1.79576,-1.91713,-1.90163,-1.93255,-1.9341,-1.90581,-1.98745,-1.75517,-1.84799
-1.79576,-1.91713,-1.90163,-1.93255,-1.9341,-1.90581,-1.98745,-1.98896,-1.74104,-1.81428
-1.91713,-1.90163,-1.93255,-1.9341,-1.90581,-1.98745,-1.98896,-1.92339,-1.86251,-1.98605
-1.90163,-1.93255,-1.9341,-1.90581,-1.98745,-1.98896,-1.92339,-1.99568,-1.84664,-1.85062
-1.93864,-1.91917,-1.84364,-1.78245,-1.79576,-1.91713,-1.90163,-1.93255,-1.93174,-1.93568
-1.91917,-1.84364,-1.78245,-1.79576,-1.91713,-1.90163,-1.93255,-1.9341,-1.86506,-1.88024
-1.84364,-1.78245,-1.79576,-1.91713,-1.90163,-1.93255,-1.9341,-1.90581,-1.85656,-1.9628
-1.91038,-1.80485,-1.82631,-1.77677,-1.77943,-1.88441,-1.83661,-1.93472,-1.93864,-1.93174
-1.82631,-1.77677,-1.77943,-1.88441,-1.83661,-1.93472,-1.90145,-1.9152,-1.84364,-1.85656
-1.83661,-1.93472,-1.90145,-1.9152,-1.91768,-2.01143,-1.90479,-1.90382,-1.90163,-1.84664
-1.80485,-1.82631,-1.77677,-1.77943,-1.88441,-1.83661,-1.93472,-1.90145,-1.91917,-1.86506
-1.77677,-1.77943,-1.88441,-1.83661,-1.93472,-1.90145,-1.9152,-1.91768,-1.78245,-1.75517
-1.88441,-1.83661,-1.93472,-1.90145,-1.9152,-1.91768,-2.01143,-1.90479,-1.91713,-1.86251
-1.77943,-1.88441,-1.83661,-1.93472,-1.90145,-1.9152,-1.91768,-2.01143,-1.79576,-1.74104
-1.82913,-1.76893,-1.71788,-1.79975,-1.85829,-1.85713,-1.85099,-1.87636,-1.82631,-1.84364
-1.79975,-1.85829,-1.85713,-1.85099,-1.87636,-1.85085,-1.96706,-1.86821,-1.88441,-1.91713
-1.85474,-1.75447,-1.82913,-1.76893,-1.71788,-1.79975,-1.85829,-1.85713,-1.91038,-1.93864
-1.75447,-1.82913,-1.76893,-1.71788,-1.79975,-1.85829,-1.85713,-1.85099,-1.80485,-1.91917
-1.71788,-1.79975,-1.85829,-1.85713,-1.85099,-1.87636,-1.85085,-1.96706,-1.77943,-1.79576
-1.76893,-1.71788,-1.79975,-1.85829,-1.85713,-1.85099,-1.87636,-1.85085,-1.77677,-1.78245
-1.85829,-1.85713,-1.85099,-1.87636,-1.85085,-1.96706,-1.86821,-1.90324,-1.83661,-1.90163
-1.74672,-1.74134,-1.7629,-1.87863,-1.86984,-1.82151,-1.89177,-1.8311,-1.76893,-1.77677
-1.7629,-1.87863,-1.86984,-1.82151,-1.89177,-1.8311,-1.91976,-1.86128,-1.79975,-1.88441
-1.74134,-1.7629,-1.87863,-1.86984,-1.82151,-1.89177,-1.8311,-1.91976,-1.71788,-1.77943
-1.87863,-1.86984,-1.82151,-1.89177,-1.8311,-1.91976,-1.86128,-1.87792,-1.85829,-1.83661
-1.85837,-1.75024,-1.7743,-1.74672,-1.74134,-1.7629,-1.87863,-1.86984,-1.85474,-1.91038
-1.75024,-1.7743,-1.74672,-1.74134,-1.7629,-1.87863,-1.86984,-1.82151,-1.75447,-1.80485
-1.7743,-1.74672,-1.74134,-1.7629,-1.87863,-1.86984,-1.82151,-1.89177,-1.82913,-1.82631
-1.82781,-1.86492,-1.77295,-1.87156,-1.85016,-1.8351,-1.80676,-1.85972,-1.87863,-1.85829
-1.82979,-1.69432,-1.73883,-1.75776,-1.62473,-1.78888,-1.82781,-1.86492,-1.85837,-1.85474
-1.73883,-1.75776,-1.62473,-1.78888,-1.82781,-1.86492,-1.77295,-1.87156,-1.7743,-1.82913
-1.69432,-1.73883,-1.75776,-1.62473,-1.78888,-1.82781,-1.86492,-1.77295,-1.75024,-1.75447
-1.75776,-1.62473,-1.78888,-1.82781,-1.86492,-1.77295,-1.87156,-1.85016,-1.74672,-1.76893
-1.78888,-1.82781,-1.86492,-1.77295,-1.87156,-1.85016,-1.8351,-1.80676,-1.7629,-1.79975
-1.62473,-1.78888,-1.82781,-1.86492,-1.77295,-1.87156,-1.85016,-1.8351,-1.74134,-1.71788
-1.91852,-1.7533,-1.79873,-1.79256,-1.6633,-1.81862,-1.84943,-1.88536,-1.82979,-1.85837
-1.81862,-1.84943,-1.88536,-1.85056,-1.88474,-1.87539,-1.93303,-1.91296,-1.78888,-1.7629
-1.79873,-1.79256,-1.6633,-1.81862,-1.84943,-1.88536,-1.85056,-1.88474,-1.73883,-1.7743
-1.7533,-1.79873,-1.79256,-1.6633,-1.81862,-1.84943,-1.88536,-1.85056,-1.69432,-1.75024
-1.6633,-1.81862,-1.84943,-1.88536,-1.85056,-1.88474,-1.87539,-1.93303,-1.62473,-1.74134
-1.84943,-1.88536,-1.85056,-1.88474,-1.87539,-1.93303,-1.91296,-1.83386,-1.82781,-1.87863
-1.79256,-1.6633,-1.81862,-1.84943,-1.88536,-1.85056,-1.88474,-1.87539,-1.75776,-1.74672
-1.76686,-1.77784,-1.93578,-1.82849,-1.89057,-1.84129,-1.85724,-1.99265,-1.6633,-1.62473
-1.7894,-1.76686,-1.77784,-1.93578,-1.82849,-1.89057,-1.84129,-1.85724,-1.79256,-1.75776
-1.77784,-1.93578,-1.82849,-1.89057,-1.84129,-1.85724,-1.99265,-1.90051,-1.81862,-1.78888
-1.93578,-1.82849,-1.89057,-1.84129,-1.85724,-1.99265,-1.90051,-1.85439,-1.84943,-1.82781
-1.96692,-1.75419,-1.83722,-1.7894,-1.76686,-1.77784,-1.93578,-1.82849,-1.91852,-1.82979
-1.75419,-1.83722,-1.7894,-1.76686,-1.77784,-1.93578,-1.82849,-1.89057,-1.7533,-1.69432
-1.83722,-1.7894,-1.76686,-1.77784,-1.93578,-1.82849,-1.89057,-1.84129,-1.79873,-1.73883
-1.86052,-1.77709,-1.83932,-1.82347,-1.9224,-1.96389,-1.91355,-1.91958,-1.83722,-1.79873
-1.9224,-1.96389,-1.91355,-1.91958,-1.94784,-2.02012,-1.95334,-1.90376,-1.93578,-1.84943
-1.83248,-1.86052,-1.77709,-1.83932,-1.82347,-1.9224,-1.96389,-1.91355,-1.75419,-1.7533
-1.97661,-1.83248,-1.86052,-1.77709,-1.83932,-1.82347,-1.9224,-1.96389,-1.96692,-1.91852
-1.77709,-1.83932,-1.82347,-1.9224,-1.96389,-1.91355,-1.91958,-1.94784,-1.7894,-1.79256
-1.82347,-1.9224,-1.96389,-1.91355,-1.91958,-1.94784,-2.02012,-1.95334,-1.77784,-1.81862
-1.83932,-1.82347,-1.9224,-1.96389,-1.91355,-1.91958,-1.94784,-2.02012,-1.76686,-1.6633
-1.83329,-1.91895,-1.99727,-1.99464,-2.01918,-1.98771,-2.09625,-2.00413,-1.82347,-1.77784
-2.00872,-1.89055,-1.93886,-1.8814,-1.90095,-1.83329,-1.91895,-1.99727,-1.97661,-1.96692
-1.89055,-1.93886,-1.8814,-1.90095,-1.83329,-1.91895,-1.99727,-1.99464,-1.83248,-1.75419
-1.90095,-1.83329,-1.91895,-1.99727,-1.99464,-2.01918,-1.98771,-2.09625,-1.83932,-1.76686
-1.93886,-1.8814,-1.90095,-1.83329,-1.91895,-1.99727,-1.99464,-2.01918,-1.86052,-1.83722
-1.91895,-1.99727,-1.99464,-2.01918,-1.98771,-2.09625,-2.00413,-2.00124,-1.9224,-1.93578
-1.8814,-1.90095,-1.83329,-1.91895,-1.99727,-1.99464,-2.01918,-1.98771,-1.77709,-1.7894
-1.96606,-1.94519,-1.94439,-2.00381,-2.06699,-2.07704,-2.04966,-2.12161,-1.90095,-1.83932
-1.94519,-1.94439,-2.00381,-2.06699,-2.07704,-2.04966,-2.12161,-2.04828,-1.83329,-1.82347
-2.0075,-1.96606,-1.94519,-1.94439,-2.00381,-2.06699,-2.07704,-2.04966,-1.8814,-1.77709
-1.94439,-2.00381,-2.06699,-2.07704,-2.04966,-2.12161,-2.04828,-2.01274,-1.91895,-1.9224
-2.07139,-1.98645,-1.9974,-2.0075,-1.96606,-1.94519,-1.94439,-2.00381,-2.00872,-1.97661
-1.9974,-2.0075,-1.96606,-1.94519,-1.94439,-2.00381,-2.06699,-2.07704,-1.93886,-1.86052
-1.98645,-1.9974,-2.0075,-1.96606,-1.94519,-1.94439,-2.00381,-2.06699,-1.89055,-1.83248
-2.12176,-2.05329,-2.16031,-2.10625,-2.1215,-2.16891,-2.08925,-2.09124,-1.94439,-1.91895
-2.04409,-2.10364,-2.07285,-2.09212,-2.12176,-2.05329,-2.16031,-2.10625,-1.9974,-1.93886
-2.0577,-2.04409,-2.10364,-2.07285,-2.09212,-2.12176,-2.05329,-2.16031,-1.98645,-1.89055
-2.09712,-2.0577,-2.04409,-2.10364,-2.07285,-2.09212,-2.12176,-2.05329,-2.07139,-2.00872
-2.10364,-2.07285,-2.09212,-2.12176,-2.05329,-2.16031,-2.10625,-2.1215,-2.0075,-1.8814
-2.09212,-2.12176,-2.05329,-2.16031,-2.10625,-2.1215,-2.16891,-2.08925,-1.94519,-1.83329
-2.07285,-2.09212,-2.12176,-2.05329,-2.16031,-2.10625,-2.1215,-2.16891,-1.96606,-1.90095
-2.07758,-2.13027,-2.14519,-2.11293,-2.19011,-2.10004,-2.13668,-2.20448,-2.07285,-1.96606
-2.13027,-2.14519,-2.11293,-2.19011,-2.10004,-2.13668,-2.20448,-2.11753,-2.09212,-1.94519
-2.08629,-2.08473,-2.04369,-2.07758,-2.13027,-2.14519,-2.11293,-2.19011,-2.0577,-1.98645
-2.15036,-2.08629,-2.08473,-2.04369,-2.07758,-2.13027,-2.14519,-2.11293,-2.09712,-2.07139
-2.08473,-2.04369,-2.07758,-2.13027,-2.14519,-2.11293,-2.19011,-2.10004,-2.04409,-1.9974
-2.14519,-2.11293,-2.19011,-2.10004,-2.13668,-2.20448,-2.11753,-2.16628,-2.12176,-1.94439
-2.04369,-2.07758,-2.13027,-2.14519,-2.11293,-2.19011,-2.10004,-2.13668,-2.10364,-2.0075
-2.2528,-2.2491,-2.12959,-2.13622,-2.14333,-2.18722,-2.22383,-2.28457,-2.25089,-2.25237
-2.24806,-2.14206,-2.10341,-2.1199,-2.23976,-2.20467,-2.23386,-2.27488,-2.1385,-2.09937
-2.14714,-2.24806,-2.14206,-2.10341,-2.1199,-2.23976,-2.20467,-2.23386,-2.14324,-2.1452
-2.75092,-2.80237,-2.75139,-2.78044,-2.83091,-2.72749,-2.78891,-2.14714,-2.73554,-2.69128
-2.23976,-2.20467,-2.23386,-2.27488,-2.31084,-2.30163,-2.19347,-2.30073,-2.20717,-2.17397
-2.13622,-2.14333,-2.18722,-2.22383,-2.28457,-2.19974,-2.1521,-2.10325,-2.08994,-2.09384
-2.12959,-2.13622,-2.14333,-2.18722,-2.22383,-2.28457,-2.19974,-2.1521,-2.14053,-2.17028
-2.14333,-2.18722,-2.22383,-2.28457,-2.19974,-2.1521,-2.10325,-2.06258,-2.13719,-2.11343
-2.19974,-2.1521,-2.10325,-2.06258,-2.08823,-2.1197,-2.19747,-2.20754,-2.15036,-2.09712
-2.2491,-2.12959,-2.13622,-2.14333,-2.18722,-2.22383,-2.28457,-2.19974,-2.17646,-2.14102
-2.74765,-2.75092,-2.80237,-2.75139,-2.78044,-2.83091,-2.72749,-2.78891,-2.711,-2.73126
-2.14206,-2.10341,-2.1199,-2.23976,-2.20467,-2.23386,-2.27488,-2.31084,-2.07768,-2.04901
-2.75139,-2.78044,-2.83091,-2.72749,-2.78891,-2.14714,-2.24806,-2.14206,-2.78335,-2.75832
-2.23386,-2.27488,-2.31084,-2.30163,-2.19347,-2.30073,-2.22802,-2.2528,-2.21106,-2.21719
-2.10341,-2.1199,-2.23976,-2.20467,-2.23386,-2.27488,-2.31084,-2.30163,-2.10557,-2.12195
-2.1199,-2.23976,-2.20467,-2.23386,-2.27488,-2.31084,-2.30163,-2.19347,-2.09626,-2.08366
-2.80237,-2.75139,-2.78044,-2.83091,-2.72749,-2.78891,-2.14714,-2.24806,-2.7712,-2.73668
-2.27488,-2.31084,-2.30163,-2.19347,-2.30073,-2.22802,-2.2528,-2.2491,-2.27604,-2.24527
-2.78891,-2.14714,-2.24806,-2.14206,-2.10341,-2.1199,-2.23976,-2.20467,-2.09202,-2.12886
-2.20467,-2.23386,-2.27488,-2.31084,-2.30163,-2.19347,-2.30073,-2.22802,-2.19105,-2.2133
-2.28457,-2.19974,-2.1521,-2.10325,-2.06258,-2.08823,-2.1197,-2.19747,-2.25167,-2.19399
-2.72749,-2.78891,-2.14714,-2.24806,-2.14206,-2.10341,-2.1199,-2.23976,-2.73398,-2.73283
-2.18722,-2.22383,-2.28457,-2.19974,-2.1521,-2.10325,-2.06258,-2.08823,-2.16763,-2.18729
-2.22802,-2.2528,-2.2491,-2.12959,-2.13622,-2.14333,-2.18722,-2.22383,-2.21811,-2.17568
-2.22383,-2.28457,-2.19974,-2.1521,-2.10325,-2.06258,-2.08823,-2.1197,-2.17741,-2.16348
-2.30163,-2.19347,-2.30073,-2.22802,-2.2528,-2.2491,-2.12959,-2.13622,-2.33727,-2.27223
-2.31084,-2.30163,-2.19347,-2.30073,-2.22802,-2.2528,-2.2491,-2.12959,-2.29769,-2.1906
-2.19347,-2.30073,-2.22802,-2.2528,-2.2491,-2.12959,-2.13622,-2.14333,-2.23829,-2.25106
-2.78044,-2.83091,-2.72749,-2.78891,-2.14714,-2.24806,-2.14206,-2.10341,-2.75815,-2.74359
-2.30073,-2.22802,-2.2528,-2.2491,-2.12959,-2.13622,-2.14333,-2.18722,-2.29258,-2.2521
-2.83091,-2.72749,-2.78891,-2.14714,-2.24806,-2.14206,-2.10341,-2.1199,-2.77328,-2.77907
-2.91768,-2.18615,-2.28442,-2.17121,-2.15708,-2.13332,-2.27443,-2.21193,-2.78891,-2.09202
-2.78682,-2.91768,-2.18615,-2.28442,-2.17121,-2.15708,-2.13332,-2.27443,-2.72749,-2.73398
-2.21193,-2.26133,-2.33913,-2.36355,-2.27025,-2.21483,-2.29279,-2.25431,-2.20467,-2.19105
-2.17121,-2.15708,-2.13332,-2.27443,-2.21193,-2.26133,-2.33913,-2.36355,-2.14206,-2.07768
-2.79672,-2.80285,-2.79425,-2.87818,-2.78682,-2.91768,-2.18615,-2.28442,-2.80237,-2.7712
-2.80285,-2.79425,-2.87818,-2.78682,-2.91768,-2.18615,-2.28442,-2.17121,-2.75139,-2.78335
-2.77297,-2.78453,-2.79672,-2.80285,-2.79425,-2.87818,-2.78682,-2.91768,-2.74765,-2.711
-2.15708,-2.13332,-2.27443,-2.21193,-2.26133,-2.33913,-2.36355,-2.27025,-2.10341,-2.10557
-2.32709,-2.19672,-2.17029,-2.13498,-2.1554,-2.20499,-2.28683,-2.16241,-2.2491,-2.17646
-2.19672,-2.17029,-2.13498,-2.1554,-2.20499,-2.28683,-2.16241,-2.19267,-2.12959,-2.14053
-2.29279,-2.25431,-2.3033,-2.32709,-2.19672,-2.17029,-2.13498,-2.1554,-2.30073,-2.29258
-2.27443,-2.21193,-2.26133,-2.33913,-2.36355,-2.27025,-2.21483,-2.29279,-2.23976,-2.20717
-2.1554,-2.20499,-2.28683,-2.16241,-2.19267,-2.1652,-2.12379,-2.13094,-2.18722,-2.16763
-2.87818,-2.78682,-2.91768,-2.18615,-2.28442,-2.17121,-2.15708,-2.13332,-2.83091,-2.77328
-2.20499,-2.28683,-2.16241,-2.19267,-2.1652,-2.12379,-2.13094,-2.17267,-2.22383,-2.17741
-2.16241,-2.19267,-2.1652,-2.12379,-2.13094,-2.17267,-2.21145,-2.21949,-2.19974,-2.15036
-2.25431,-2.3033,-2.32709,-2.19672,-2.17029,-2.13498,-2.1554,-2.20499,-2.22802,-2.21811
-2.36355,-2.27025,-2.21483,-2.29279,-2.25431,-2.3033,-2.32709,-2.19672,-2.31084,-2.29769
-2.13498,-2.1554,-2.20499,-2.28683,-2.16241,-2.19267,-2.1652,-2.12379,-2.14333,-2.13719
-2.28442,-2.17121,-2.15708,-2.13332,-2.27443,-2.21193,-2.26133,-2.33913,-2.24806,-2.1385
-2.21483,-2.29279,-2.25431,-2.3033,-2.32709,-2.19672,-2.17029,-2.13498,-2.19347,-2.23829
-2.78453,-2.79672,-2.80285,-2.79425,-2.87818,-2.78682,-2.91768,-2.18615,-2.75092,-2.73554
-2.26133,-2.33913,-2.36355,-2.27025,-2.21483,-2.29279,-2.25431,-2.3033,-2.23386,-2.21106
-2.13332,-2.27443,-2.21193,-2.26133,-2.33913,-2.36355,-2.27025,-2.21483,-2.1199,-2.09626
-2.3033,-2.32709,-2.19672,-2.17029,-2.13498,-2.1554,-2.20499,-2.28683,-2.2528,-2.25089
-2.33913,-2.36355,-2.27025,-2.21483,-2.29279,-2.25431,-2.3033,-2.32709,-2.27488,-2.27604
-2.18615,-2.28442,-2.17121,-2.15708,-2.13332,-2.27443,-2.21193,-2.26133,-2.14714,-2.14324
-2.17029,-2.13498,-2.1554,-2.20499,-2.28683,-2.16241,-2.19267,-2.1652,-2.13622,-2.08994
-2.79425,-2.87818,-2.78682,-2.91768,-2.18615,-2.28442,-2.17121,-2.15708,-2.78044,-2.75815
-2.28683,-2.16241,-2.19267,-2.1652,-2.12379,-2.13094,-2.17267,-2.21145,-2.28457,-2.25167
-2.27025,-2.21483,-2.29279,-2.25431,-2.3033,-2.32709,-2.19672,-2.17029,-2.30163,-2.33727
-2.28077,-2.3508,-2.349,-2.21346,-2.14934,-2.14362,-2.19105,-2.18672,-2.25431,-2.22802
-2.2942,-2.28077,-2.3508,-2.349,-2.21346,-2.14934,-2.14362,-2.19105,-2.29279,-2.30073
-2.23717,-2.2942,-2.28077,-2.3508,-2.349,-2.21346,-2.14934,-2.14362,-2.21483,-2.19347
-2.349,-2.21346,-2.14934,-2.14362,-2.19105,-2.18672,-2.35369,-2.21178,-2.32709,-2.2491
-2.21178,-2.23029,-2.16296,-2.19787,-2.15749,-2.21236,-2.24979,-2.26233,-2.16241,-2.19974
-2.26121,-2.15775,-2.18589,-2.11027,-2.31254,-2.26181,-2.30428,-2.34198,-2.28442,-2.24806
-2.3508,-2.349,-2.21346,-2.14934,-2.14362,-2.19105,-2.18672,-2.35369,-2.3033,-2.2528
-2.18928,-2.26121,-2.15775,-2.18589,-2.11027,-2.31254,-2.26181,-2.30428,-2.18615,-2.14714
-2.35369,-2.21178,-2.23029,-2.16296,-2.19787,-2.15749,-2.21236,-2.24979,-2.28683,-2.28457
-2.81565,-2.81921,-2.85049,-2.76015,-2.88772,-2.83395,-2.9681,-2.18928,-2.78453,-2.75092
-2.88772,-2.83395,-2.9681,-2.18928,-2.26121,-2.15775,-2.18589,-2.11027,-2.87818,-2.83091
-2.11027,-2.31254,-2.26181,-2.30428,-2.34198,-2.28723,-2.29798,-2.23717,-2.13332,-2.1199
-2.76015,-2.88772,-2.83395,-2.9681,-2.18928,-2.26121,-2.15775,-2.18589,-2.79425,-2.78044
-2.29798,-2.23717,-2.2942,-2.28077,-2.3508,-2.349,-2.21346,-2.14934,-2.27025,-2.30163
-2.14362,-2.19105,-2.18672,-2.35369,-2.21178,-2.23029,-2.16296,-2.19787,-2.13498,-2.14333
-2.14934,-2.14362,-2.19105,-2.18672,-2.35369,-2.21178,-2.23029,-2.16296,-2.17029,-2.13622
-2.31254,-2.26181,-2.30428,-2.34198,-2.28723,-2.29798,-2.23717,-2.2942,-2.27443,-2.23976
-2.19105,-2.18672,-2.35369,-2.21178,-2.23029,-2.16296,-2.19787,-2.15749,-2.1554,-2.18722
-2.18672,-2.35369,-2.21178,-2.23029,-2.16296,-2.19787,-2.15749,-2.21236,-2.20499,-2.22383
-2.85049,-2.76015,-2.88772,-2.83395,-2.9681,-2.18928,-2.26121,-2.15775,-2.80285,-2.75139
-2.30428,-2.34198,-2.28723,-2.29798,-2.23717,-2.2942,-2.28077,-2.3508,-2.26133,-2.23386
-2.83073,-2.81565,-2.81921,-2.85049,-2.76015,-2.88772,-2.83395,-2.9681,-2.77297,-2.74765
-2.18589,-2.11027,-2.31254,-2.26181,-2.30428,-2.34198,-2.28723,-2.29798,-2.15708,-2.10341
-2.81921,-2.85049,-2.76015,-2.88772,-2.83395,-2.9681,-2.18928,-2.26121,-2.79672,-2.80237
-2.15775,-2.18589,-2.11027,-2.31254,-2.26181,-2.30428,-2.34198,-2.28723,-2.17121,-2.14206
-2.34198,-2.28723,-2.29798,-2.23717,-2.2942,-2.28077,-2.3508,-2.349,-2.33913,-2.27488
-2.21346,-2.14934,-2.14362,-2.19105,-2.18672,-2.35369,-2.21178,-2.23029,-2.19672,-2.12959
-2.26181,-2.30428,-2.34198,-2.28723,-2.29798,-2.23717,-2.2942,-2.28077,-2.21193,-2.20467
-2.9681,-2.18928,-2.26121,-2.15775,-2.18589,-2.11027,-2.31254,-2.26181,-2.91768,-2.78891
-2.28723,-2.29798,-2.23717,-2.2942,-2.28077,-2.3508,-2.349,-2.21346,-2.36355,-2.31084
-2.83395,-2.9681,-2.18928,-2.26121,-2.15775,-2.18589,-2.11027,-2.31254,-2.78682,-2.72749
-2.22452,-2.08893,-2.19692,-2.12523,-2.17722,-2.37249,-2.22955,-2.23992,-2.21346,-2.19672
-2.37531,-2.36803,-2.22452,-2.08893,-2.19692,-2.12523,-2.17722,-2.37249,-2.3508,-2.3033
-2.36803,-2.22452,-2.08893,-2.19692,-2.12523,-2.17722,-2.37249,-2.22955,-2.349,-2.32709
-2.29201,-2.15063,-2.25241,-2.19931,-2.33059,-2.27454,-2.3365,-2.32988,-2.26121,-2.28442
-2.25006,-2.29201,-2.15063,-2.25241,-2.19931,-2.33059,-2.27454,-2.3365,-2.18928,-2.18615
-2.93605,-2.85925,-2.85032,-2.82307,-2.91402,-2.84652,-2.98151,-2.25006,-2.81565,-2.78453
-2.22955,-2.23992,-2.20748,-2.21431,-2.18315,-2.19705,-2.28443,-2.27931,-2.21178,-2.16241
-2.32988,-2.27337,-2.43048,-2.2355,-2.29419,-2.30114,-2.37531,-2.36803,-2.34198,-2.33913
-2.84652,-2.98151,-2.25006,-2.29201,-2.15063,-2.25241,-2.19931,-2.33059,-2.83395,-2.78682
-2.98151,-2.25006,-2.29201,-2.15063,-2.25241,-2.19931,-2.33059,-2.27454,-2.9681,-2.91768
-2.83593,-2.93605,-2.85925,-2.85032,-2.82307,-2.91402,-2.84652,-2.98151,-2.83073,-2.77297
-2.15063,-2.25241,-2.19931,-2.33059,-2.27454,-2.3365,-2.32988,-2.27337,-2.15775,-2.17121
-2.85925,-2.85032,-2.82307,-2.91402,-2.84652,-2.98151,-2.25006,-2.29201,-2.81921,-2.79672
-2.25241,-2.19931,-2.33059,-2.27454,-2.3365,-2.32988,-2.27337,-2.43048,-2.18589,-2.15708
-2.85032,-2.82307,-2.91402,-2.84652,-2.98151,-2.25006,-2.29201,-2.15063,-2.85049,-2.80285
-2.27454,-2.3365,-2.32988,-2.27337,-2.43048,-2.2355,-2.29419,-2.30114,-2.26181,-2.21193
-2.3365,-2.32988,-2.27337,-2.43048,-2.2355,-2.29419,-2.30114,-2.37531,-2.30428,-2.26133
-2.37249,-2.22955,-2.23992,-2.20748,-2.21431,-2.18315,-2.19705,-2.28443,-2.35369,-2.28683
-2.08893,-2.19692,-2.12523,-2.17722,-2.37249,-2.22955,-2.23992,-2.20748,-2.14934,-2.17029
-2.17722,-2.37249,-2.22955,-2.23992,-2.20748,-2.21431,-2.18315,-2.19705,-2.18672,-2.20499
-2.30114,-2.37531,-2.36803,-2.22452,-2.08893,-2.19692,-2.12523,-2.17722,-2.28077,-2.25431
-2.27337,-2.43048,-2.2355,-2.29419,-2.30114,-2.37531,-2.36803,-2.22452,-2.28723,-2.36355
-2.19692,-2.12523,-2.17722,-2.37249,-2.22955,-2.23992,-2.20748,-2.21431,-2.14362,-2.13498
-2.43048,-2.2355,-2.29419,-2.30114,-2.37531,-2.36803,-2.22452,-2.08893,-2.29798,-2.27025
-2.82307,-2.91402,-2.84652,-2.98151,-2.25006,-2.29201,-2.15063,-2.25241,-2.76015,-2.79425
-2.12523,-2.17722,-2.37249,-2.22955,-2.23992,-2.20748,-2.21431,-2.18315,-2.19105,-2.1554
-2.29419,-2.30114,-2.37531,-2.36803,-2.22452,-2.08893,-2.19692,-2.12523,-2.2942,-2.29279
-2.33059,-2.27454,-2.3365,-2.32988,-2.27337,-2.43048,-2.2355,-2.29419,-2.31254,-2.27443
-2.19931,-2.33059,-2.27454,-2.3365,-2.32988,-2.27337,-2.43048,-2.2355,-2.11027,-2.13332
-2.91402,-2.84652,-2.98151,-2.25006,-2.29201,-2.15063,-2.25241,-2.19931,-2.88772,-2.87818
-2.2355,-2.29419,-2.30114,-2.37531,-2.36803,-2.22452,-2.08893,-2.19692,-2.23717,-2.21483
-2.95561,-2.30441,-2.26931,-2.13498,-2.21354,-2.19492,-2.32369,-2.25206,-2.98151,-2.9681
-2.83928,-2.95561,-2.30441,-2.26931,-2.13498,-2.21354,-2.19492,-2.32369,-2.84652,-2.83395
-2.25206,-2.35285,-2.39776,-2.30816,-2.44933,-2.25987,-2.27624,-2.26487,-2.27454,-2.26181
-2.13498,-2.21354,-2.19492,-2.32369,-2.25206,-2.35285,-2.39776,-2.30816,-2.15063,-2.15775
-2.21354,-2.19492,-2.32369,-2.25206,-2.35285,-2.39776,-2.30816,-2.44933,-2.25241,-2.18589
-2.32219,-2.26057,-2.12141,-2.14769,-2.0204,-2.22355,-2.34647,-2.23383,-2.36803,-2.349
-2.26487,-2.40382,-2.32219,-2.26057,-2.12141,-2.14769,-2.0204,-2.22355,-2.30114,-2.28077
-2.26931,-2.13498,-2.21354,-2.19492,-2.32369,-2.25206,-2.35285,-2.39776,-2.29201,-2.26121
-2.22355,-2.34647,-2.23383,-2.27866,-2.15132,-2.20026,-2.14731,-2.16634,-2.17722,-2.18672
-2.32369,-2.25206,-2.35285,-2.39776,-2.30816,-2.44933,-2.25987,-2.27624,-2.33059,-2.31254
-2.30441,-2.26931,-2.13498,-2.21354,-2.19492,-2.32369,-2.25206,-2.35285,-2.25006,-2.18928
-2.0204,-2.22355,-2.34647,-2.23383,-2.27866,-2.15132,-2.20026,-2.14731,-2.12523,-2.19105
-2.88223,-2.83928,-2.95561,-2.30441,-2.26931,-2.13498,-2.21354,-2.19492,-2.91402,-2.88772
-2.19492,-2.32369,-2.25206,-2.35285,-2.39776,-2.30816,-2.44933,-2.25987,-2.19931,-2.11027
-2.26057,-2.12141,-2.14769,-2.0204,-2.22355,-2.34647,-2.23383,-2.27866,-2.22452,-2.21346
-2.27624,-2.26487,-2.40382,-2.32219,-2.26057,-2.12141,-2.14769,-2.0204,-2.29419,-2.2942
-2.30816,-2.44933,-2.25987,-2.27624,-2.26487,-2.40382,-2.32219,-2.26057,-2.27337,-2.28723
-2.14769,-2.0204,-2.22355,-2.34647,-2.23383,-2.27866,-2.15132,-2.20026,-2.19692,-2.14362
-2.40382,-2.32219,-2.26057,-2.12141,-2.14769,-2.0204,-2.22355,-2.34647,-2.37531,-2.3508
-2.84078,-2.88223,-2.83928,-2.95561,-2.30441,-2.26931,-2.13498,-2.21354,-2.82307,-2.76015
-2.23383,-2.27866,-2.15132,-2.20026,-2.14731,-2.16634,-2.22886,-2.26744,-2.22955,-2.21178
-2.35285,-2.39776,-2.30816,-2.44933,-2.25987,-2.27624,-2.26487,-2.40382,-2.3365,-2.30428
-2.89305,-2.84881,-2.84078,-2.88223,-2.83928,-2.95561,-2.30441,-2.26931,-2.85925,-2.81921
-2.99661,-2.89305,-2.84881,-2.84078,-2.88223,-2.83928,-2.95561,-2.30441,-2.93605,-2.81565
-2.39776,-2.30816,-2.44933,-2.25987,-2.27624,-2.26487,-2.40382,-2.32219,-2.32988,-2.34198
-2.34647,-2.23383,-2.27866,-2.15132,-2.20026,-2.14731,-2.16634,-2.22886,-2.37249,-2.35369
-2.84881,-2.84078,-2.88223,-2.83928,-2.95561,-2.30441,-2.26931,-2.13498,-2.85032,-2.85049
-2.25987,-2.27624,-2.26487,-2.40382,-2.32219,-2.26057,-2.12141,-2.14769,-2.2355,-2.23717
-2.12141,-2.14769,-2.0204,-2.22355,-2.34647,-2.23383,-2.27866,-2.15132,-2.08893,-2.14934
-2.44933,-2.25987,-2.27624,-2.26487,-2.40382,-2.32219,-2.26057,-2.12141,-2.43048,-2.29798
-2.80639,-2.99661,-2.89305,-2.84881,-2.84078,-2.88223,-2.83928,-2.95561,-2.83593,-2.83073
-2.35372,-2.19936,-2.21408,-2.1906,-2.33208,-2.2734,-2.14222,-2.08708,-2.44933,-2.43048
-2.1746,-2.35372,-2.19936,-2.21408,-2.1906,-2.33208,-2.2734,-2.14222,-2.30816,-2.27337
-2.7835,-2.75219,-2.71675,-2.87247,-2.15881,-2.16792,-2.09542,-2.14993,-2.84078,-2.82307
-2.75219,-2.71675,-2.87247,-2.15881,-2.16792,-2.09542,-2.14993,-2.08617,-2.88223,-2.91402
-2.21408,-2.1906,-2.33208,-2.2734,-2.14222,-2.08708,-2.05324,-2.04367,-2.27624,-2.29419
-2.1906,-2.33208,-2.2734,-2.14222,-2.08708,-2.05324,-2.04367,-2.10716,-2.26487,-2.30114
-2.19936,-2.21408,-2.1906,-2.33208,-2.2734,-2.14222,-2.08708,-2.05324,-2.25987,-2.2355
-2.15881,-2.16792,-2.09542,-2.14993,-2.08617,-2.15397,-2.20894,-2.29949,-2.30441,-2.25006
-2.04367,-2.10716,-2.26856,-2.14418,-2.19202,-2.18856,-2.12336,-2.15473,-2.0204,-2.12523
-2.10716,-2.26856,-2.14418,-2.19202,-2.18856,-2.12336,-2.15473,-2.04695,-2.22355,-2.17722
-2.26856,-2.14418,-2.19202,-2.18856,-2.12336,-2.15473,-2.04695,-2.10648,-2.34647,-2.37249
-2.05324,-2.04367,-2.10716,-2.26856,-2.14418,-2.19202,-2.18856,-2.12336,-2.14769,-2.19692
-2.83914,-2.79411,-2.79621,-2.7835,-2.75219,-2.71675,-2.87247,-2.15881,-2.99661,-2.93605
-2.2734,-2.14222,-2.08708,-2.05324,-2.04367,-2.10716,-2.26856,-2.14418,-2.32219,-2.36803
-2.14418,-2.19202,-2.18856,-2.12336,-2.15473,-2.04695,-2.10648,-2.2221,-2.23383,-2.22955
-2.08708,-2.05324,-2.04367,-2.10716,-2.26856,-2.14418,-2.19202,-2.18856,-2.12141,-2.08893
-2.33208,-2.2734,-2.14222,-2.08708,-2.05324,-2.04367,-2.10716,-2.26856,-2.40382,-2.37531
-2.08617,-2.15397,-2.20894,-2.29949,-2.31206,-2.1746,-2.35372,-2.19936,-2.19492,-2.19931
-2.16792,-2.09542,-2.14993,-2.08617,-2.15397,-2.20894,-2.29949,-2.31206,-2.26931,-2.29201
-2.29949,-2.31206,-2.1746,-2.35372,-2.19936,-2.21408,-2.1906,-2.33208,-2.35285,-2.3365
-2.14993,-2.08617,-2.15397,-2.20894,-2.29949,-2.31206,-2.1746,-2.35372,-2.21354,-2.25241
-2.79621,-2.7835,-2.75219,-2.71675,-2.87247,-2.15881,-2.16792,-2.09542,-2.84881,-2.85032
-2.79411,-2.79621,-2.7835,-2.75219,-2.71675,-2.87247,-2.15881,-2.16792,-2.89305,-2.85925
-2.76362,-2.83914,-2.79411,-2.79621,-2.7835,-2.75219,-2.71675,-2.87247,-2.80639,-2.83593
-2.09542,-2.14993,-2.08617,-2.15397,-2.20894,-2.29949,-2.31206,-2.1746,-2.13498,-2.15063
-2.31206,-2.1746,-2.35372,-2.19936,-2.21408,-2.1906,-2.33208,-2.2734,-2.39776,-2.32988
-2.14222,-2.08708,-2.05324,-2.04367,-2.10716,-2.26856,-2.14418,-2.19202,-2.26057,-2.22452
-2.15397,-2.20894,-2.29949,-2.31206,-2.1746,-2.35372,-2.19936,-2.21408,-2.32369,-2.33059
-2.87247,-2.15881,-2.16792,-2.09542,-2.14993,-2.08617,-2.15397,-2.20894,-2.95561,-2.98151
-2.20894,-2.29949,-2.31206,-2.1746,-2.35372,-2.19936,-2.21408,-2.1906,-2.25206,-2.27454
-2.71675,-2.87247,-2.15881,-2.16792,-2.09542,-2.14993,-2.08617,-2.15397,-2.83928,-2.84652
-2.07427,-2.06966,-2.0351,-2.04429,-1.97777,-2.08732,-2.14088,-2.11012,-2.15881,-2.30441
-2.06966,-2.0351,-2.04429,-1.97777,-2.08732,-2.14088,-2.11012,-2.13202,-2.16792,-2.26931
-2.12676,-2.12181,-2.03489,-2.01018,-2.00201,-2.00712,-2.0425,-2.11593,-2.33208,-2.40382
-2.11012,-2.13202,-2.02678,-2.13784,-2.13715,-2.1546,-2.10226,-2.12676,-2.29949,-2.35285
-2.13202,-2.02678,-2.13784,-2.13715,-2.1546,-2.10226,-2.12676,-2.12181,-2.31206,-2.39776
-2.70794,-2.72558,-2.07427,-2.06966,-2.0351,-2.04429,-1.97777,-2.08732,-2.71675,-2.83928
-2.14088,-2.11012,-2.13202,-2.02678,-2.13784,-2.13715,-2.1546,-2.10226,-2.20894,-2.25206
-2.72558,-2.07427,-2.06966,-2.0351,-2.04429,-1.97777,-2.08732,-2.14088,-2.87247,-2.95561
-2.04429,-1.97777,-2.08732,-2.14088,-2.11012,-2.13202,-2.02678,-2.13784,-2.14993,-2.21354
-2.67697,-2.8291,-2.6859,-2.67996,-2.6484,-2.67022,-2.70794,-2.72558,-2.76362,-2.80639
-2.67996,-2.6484,-2.67022,-2.70794,-2.72558,-2.07427,-2.06966,-2.0351,-2.79621,-2.84881
-2.6859,-2.67996,-2.6484,-2.67022,-2.70794,-2.72558,-2.07427,-2.06966,-2.79411,-2.89305
-2.0351,-2.04429,-1.97777,-2.08732,-2.14088,-2.11012,-2.13202,-2.02678,-2.09542,-2.13498
-2.02979,-2.03327,-2.06702,-2.01533,-2.13465,-2.01841,-2.04742,-2.01791,-2.14418,-2.23383
-2.11593,-2.02979,-2.03327,-2.06702,-2.01533,-2.13465,-2.01841,-2.04742,-2.26856,-2.34647
-2.01018,-2.00201,-2.00712,-2.0425,-2.11593,-2.02979,-2.03327,-2.06702,-2.08708,-2.12141
-2.12181,-2.03489,-2.01018,-2.00201,-2.00712,-2.0425,-2.11593,-2.02979,-2.2734,-2.32219
-2.0425,-2.11593,-2.02979,-2.03327,-2.06702,-2.01533,-2.13465,-2.01841,-2.10716,-2.22355
-2.10226,-2.12676,-2.12181,-2.03489,-2.01018,-2.00201,-2.00712,-2.0425,-2.1906,-2.26487
-2.03489,-2.01018,-2.00201,-2.00712,-2.0425,-2.11593,-2.02979,-2.03327,-2.14222,-2.26057
-2.02678,-2.13784,-2.13715,-2.1546,-2.10226,-2.12676,-2.12181,-2.03489,-2.1746,-2.30816
-2.67022,-2.70794,-2.72558,-2.07427,-2.06966,-2.0351,-2.04429,-1.97777,-2.75219,-2.88223
-2.00712,-2.0425,-2.11593,-2.02979,-2.03327,-2.06702,-2.01533,-2.13465,-2.04367,-2.0204
-2.6484,-2.67022,-2.70794,-2.72558,-2.07427,-2.06966,-2.0351,-2.04429,-2.7835,-2.84078
-2.13784,-2.13715,-2.1546,-2.10226,-2.12676,-2.12181,-2.03489,-2.01018,-2.35372,-2.44933
-2.08732,-2.14088,-2.11012,-2.13202,-2.02678,-2.13784,-2.13715,-2.1546,-2.15397,-2.32369
-2.1546,-2.10226,-2.12676,-2.12181,-2.03489,-2.01018,-2.00201,-2.00712,-2.21408,-2.27624
-1.97777,-2.08732,-2.14088,-2.11012,-2.13202,-2.02678,-2.13784,-2.13715,-2.08617,-2.19492
-2.8291,-2.6859,-2.67996,-2.6484,-2.67022,-2.70794,-2.72558,-2.07427,-2.83914,-2.99661
-2.13715,-2.1546,-2.10226,-2.12676,-2.12181,-2.03489,-2.01018,-2.00201,-2.19936,-2.25987
-2.00201,-2.00712,-2.0425,-2.11593,-2.02979,-2.03327,-2.06702,-2.01533,-2.05324,-2.14769
-2.04272,-1.98669,-2.02214,-2.07989,-1.99703,-2.06384,-1.99246,-2.02141,-2.11593,-2.26856
-2.74843,-1.99645,-2.12801,-2.00204,-2.01659,-1.99294,-2.06443,-2.12002,-2.72558,-2.87247
-2.61337,-2.74843,-1.99645,-2.12801,-2.00204,-2.01659,-1.99294,-2.06443,-2.70794,-2.71675
-2.12002,-2.15418,-2.05509,-2.09375,-2.12923,-2.08412,-2.04138,-2.05363,-2.14088,-2.20894
-2.04138,-2.05363,-2.07231,-2.08057,-2.04041,-2.08453,-2.01234,-1.98954,-2.1546,-2.21408
-2.08412,-2.04138,-2.05363,-2.07231,-2.08057,-2.04041,-2.08453,-2.01234,-2.13715,-2.19936
-2.12801,-2.00204,-2.01659,-1.99294,-2.06443,-2.12002,-2.15418,-2.05509,-2.06966,-2.16792
-1.98834,-2.04272,-1.98669,-2.02214,-2.07989,-1.99703,-2.06384,-1.99246,-2.0425,-2.10716
-2.08057,-2.04041,-2.08453,-2.01234,-1.98954,-1.98834,-2.04272,-1.98669,-2.12181,-2.2734
-2.05363,-2.07231,-2.08057,-2.04041,-2.08453,-2.01234,-1.98954,-1.98834,-2.10226,-2.1906
-2.06443,-2.12002,-2.15418,-2.05509,-2.09375,-2.12923,-2.08412,-2.04138,-2.08732,-2.15397
-1.98669,-2.02214,-2.07989,-1.99703,-2.06384,-1.99246,-2.02141,-2.10039,-2.02979,-2.14418
-2.6128,-2.61337,-2.74843,-1.99645,-2.12801,-2.00204,-2.01659,-1.99294,-2.67022,-2.75219
-2.79746,-2.65466,-2.70435,-2.67799,-2.6128,-2.61337,-2.74843,-1.99645,-2.8291,-2.83914
-1.99645,-2.12801,-2.00204,-2.01659,-1.99294,-2.06443,-2.12002,-2.15418,-2.07427,-2.15881
-1.98954,-1.98834,-2.04272,-1.98669,-2.02214,-2.07989,-1.99703,-2.06384,-2.00712,-2.04367
-1.99294,-2.06443,-2.12002,-2.15418,-2.05509,-2.09375,-2.12923,-2.08412,-1.97777,-2.08617
-2.01234,-1.98954,-1.98834,-2.04272,-1.98669,-2.02214,-2.07989,-1.99703,-2.00201,-2.05324
-2.09375,-2.12923,-2.08412,-2.04138,-2.05363,-2.07231,-2.08057,-2.04041,-2.02678,-2.1746
-2.07231,-2.08057,-2.04041,-2.08453,-2.01234,-1.98954,-1.98834,-2.04272,-2.12676,-2.33208
-2.04041,-2.08453,-2.01234,-1.98954,-1.98834,-2.04272,-1.98669,-2.02214,-2.03489,-2.14222
-2.67799,-2.6128,-2.61337,-2.74843,-1.99645,-2.12801,-2.00204,-2.01659,-2.6484,-2.7835
-2.01659,-1.99294,-2.06443,-2.12002,-2.15418,-2.05509,-2.09375,-2.12923,-2.04429,-2.14993
-2.05509,-2.09375,-2.12923,-2.08412,-2.04138,-2.05363,-2.07231,-2.08057,-2.13202,-2.31206
-2.65466,-2.70435,-2.67799,-2.6128,-2.61337,-2.74843,-1.99645,-2.12801,-2.6859,-2.79411
-2.70435,-2.67799,-2.6128,-2.61337,-2.74843,-1.99645,-2.12801,-2.00204,-2.67996,-2.79621
-2.15418,-2.05509,-2.09375,-2.12923,-2.08412,-2.04138,-2.05363,-2.07231,-2.11012,-2.29949
-2.00204,-2.01659,-1.99294,-2.06443,-2.12002,-2.15418,-2.05509,-2.09375,-2.0351,-2.09542
-2.08453,-2.01234,-1.98954,-1.98834,-2.04272,-1.98669,-2.02214,-2.07989,-2.01018,-2.08708
-2.12923,-2.08412,-2.04138,-2.05363,-2.07231,-2.08057,-2.04041,-2.08453,-2.13784,-2.35372
-2.55549,-2.79746,-2.65466,-2.70435,-2.67799,-2.6128,-2.61337,-2.74843,-2.67697,-2.76362
-2.03747,-2.01628,-2.03733,-2.03422,-2.00062,-2.03677,-2.01242,-2.04464,-2.01234,-2.00201
-2.01628,-2.03733,-2.03422,-2.00062,-2.03677,-2.01242,-2.04464,-2.0508,-1.98954,-2.00712
-2.08086,-2.09853,-2.00578,-2.09064,-2.0175,-2.04805,-2.06541,-2.03981,-2.12923,-2.13784
-2.03733,-2.03422,-2.00062,-2.03677,-2.01242,-2.04464,-2.0508,-1.91334,-1.98834,-2.0425
-2.09853,-2.00578,-2.09064,-2.0175,-2.04805,-2.06541,-2.03981,-2.03747,-2.08412,-2.13715
-2.62929,-2.65806,-2.77284,-2.03143,-2.00104,-2.0124,-2.06311,-1.96266,-2.6128,-2.67022
-2.71132,-2.62929,-2.65806,-2.77284,-2.03143,-2.00104,-2.0124,-2.06311,-2.67799,-2.6484
-1.96266,-2.05556,-2.03075,-2.22148,-1.97937,-2.11552,-2.08086,-2.09853,-1.99294,-1.97777
-2.11552,-2.08086,-2.09853,-2.00578,-2.09064,-2.0175,-2.04805,-2.06541,-2.09375,-2.02678
-2.03981,-2.03747,-2.01628,-2.03733,-2.03422,-2.00062,-2.03677,-2.01242,-2.08453,-2.01018
-2.00578,-2.09064,-2.0175,-2.04805,-2.06541,-2.03981,-2.03747,-2.01628,-2.04138,-2.1546
-2.09064,-2.0175,-2.04805,-2.06541,-2.03981,-2.03747,-2.01628,-2.03733,-2.05363,-2.10226
-2.03422,-2.00062,-2.03677,-2.01242,-2.04464,-2.0508,-1.91334,-1.99452,-2.04272,-2.11593
-2.03143,-2.00104,-2.0124,-2.06311,-1.96266,-2.05556,-2.03075,-2.22148,-1.99645,-2.07427
-2.72479,-2.61093,-2.66958,-2.71132,-2.62929,-2.65806,-2.77284,-2.03143,-2.79746,-2.8291
-2.05556,-2.03075,-2.22148,-1.97937,-2.11552,-2.08086,-2.09853,-2.00578,-2.06443,-2.08732
-2.00062,-2.03677,-2.01242,-2.04464,-2.0508,-1.91334,-1.99452,-1.99743,-1.98669,-2.02979
-2.0175,-2.04805,-2.06541,-2.03981,-2.03747,-2.01628,-2.03733,-2.03422,-2.07231,-2.12676
-2.04805,-2.06541,-2.03981,-2.03747,-2.01628,-2.03733,-2.03422,-2.00062,-2.08057,-2.12181
-1.97937,-2.11552,-2.08086,-2.09853,-2.00578,-2.09064,-2.0175,-2.04805,-2.05509,-2.13202
-2.00104,-2.0124,-2.06311,-1.96266,-2.05556,-2.03075,-2.22148,-1.97937,-2.12801,-2.06966
-2.06541,-2.03981,-2.03747,-2.01628,-2.03733,-2.03422,-2.00062,-2.03677,-2.04041,-2.03489
-2.22148,-1.97937,-2.11552,-2.08086,-2.09853,-2.00578,-2.09064,-2.0175,-2.15418,-2.11012
-2.06311,-1.96266,-2.05556,-2.03075,-2.22148,-1.97937,-2.11552,-2.08086,-2.01659,-2.04429
-2.61093,-2.66958,-2.71132,-2.62929,-2.65806,-2.77284,-2.03143,-2.00104,-2.65466,-2.6859
-2.57095,-2.72479,-2.61093,-2.66958,-2.71132,-2.62929,-2.65806,-2.77284,-2.55549,-2.67697
-2.77284,-2.03143,-2.00104,-2.0124,-2.06311,-1.96266,-2.05556,-2.03075,-2.74843,-2.72558
-2.0124,-2.06311,-1.96266,-2.05556,-2.03075,-2.22148,-1.97937,-2.11552,-2.00204,-2.0351
-2.66958,-2.71132,-2.62929,-2.65806,-2.77284,-2.03143,-2.00104,-2.0124,-2.70435,-2.67996
-2.03075,-2.22148,-1.97937,-2.11552,-2.08086,-2.09853,-2.00578,-2.09064,-2.12002,-2.14088
-2.65806,-2.77284,-2.03143,-2.00104,-2.0124,-2.06311,-1.96266,-2.05556,-2.61337,-2.70794
-2.59116,-2.64517,-2.64757,-2.56998,-2.59829,-2.6981,-2.02228,-1.97054,-2.61093,-2.65466
-2.64517,-2.64757,-2.56998,-2.59829,-2.6981,-2.02228,-1.97054,-1.92745,-2.66958,-2.70435
-2.53467,-2.65125,-2.59116,-2.64517,-2.64757,-2.56998,-2.59829,-2.6981,-2.57095,-2.55549
-2.09322,-1.99584,-2.03536,-2.05581,-2.12459,-1.93899,-2.05525,-1.95428,-2.22148,-2.15418
-1.99584,-2.03536,-2.05581,-2.12459,-1.93899,-2.05525,-1.95428,-1.9696,-1.97937,-2.05509
-1.94164,-1.97335,-1.89039,-2.00276,-1.88449,-1.8397,-1.93892,-1.92645,-2.00062,-1.98669
-2.04394,-1.90605,-2.00567,-2.00832,-2.09322,-1.99584,-2.03536,-2.05581,-2.06311,-2.01659
-1.92745,-2.04394,-1.90605,-2.00567,-2.00832,-2.09322,-1.99584,-2.03536,-2.0124,-2.00204
-2.59829,-2.6981,-2.02228,-1.97054,-1.92745,-2.04394,-1.90605,-2.00567,-2.65806,-2.61337
-2.00832,-2.09322,-1.99584,-2.03536,-2.05581,-2.12459,-1.93899,-2.05525,-2.03075,-2.12002
-2.6981,-2.02228,-1.97054,-1.92745,-2.04394,-1.90605,-2.00567,-2.00832,-2.77284,-2.74843
-2.05525,-1.95428,-1.9696,-1.99695,-2.04058,-2.07822,-1.96142,-1.94771,-2.09064,-2.05363
-2.64757,-2.56998,-2.59829,-2.6981,-2.02228,-1.97054,-1.92745,-2.04394,-2.71132,-2.67799
-1.9696,-1.99695,-2.04058,-2.07822,-1.96142,-1.94771,-1.99827,-1.94164,-2.04805,-2.08057
-1.99827,-1.94164,-1.97335,-1.89039,-2.00276,-1.88449,-1.8397,-1.93892,-2.03422,-2.04272
-1.94771,-1.99827,-1.94164,-1.97335,-1.89039,-2.00276,-1.88449,-1.8397,-2.03733,-1.98834
-2.03536,-2.05581,-2.12459,-1.93899,-2.05525,-1.95428,-1.9696,-1.99695,-2.11552,-2.09375
-2.02228,-1.97054,-1.92745,-2.04394,-1.90605,-2.00567,-2.00832,-2.09322,-2.03143,-1.99645
-1.99695,-2.04058,-2.07822,-1.96142,-1.94771,-1.99827,-1.94164,-1.97335,-2.06541,-2.04041
-2.00567,-2.00832,-2.09322,-1.99584,-2.03536,-2.05581,-2.12459,-1.93899,-2.05556,-2.06443
-1.95428,-1.9696,-1.99695,-2.04058,-2.07822,-1.96142,-1.94771,-1.99827,-2.0175,-2.07231
-2.56998,-2.59829,-2.6981,-2.02228,-1.97054,-1.92745,-2.04394,-1.90605,-2.62929,-2.6128
-1.96142,-1.94771,-1.99827,-1.94164,-1.97335,-1.89039,-2.00276,-1.88449,-2.01628,-1.98954
-2.04058,-2.07822,-1.96142,-1.94771,-1.99827,-1.94164,-1.97335,-1.89039,-2.03981,-2.08453
-2.05581,-2.12459,-1.93899,-2.05525,-1.95428,-1.9696,-1.99695,-2.04058,-2.08086,-2.12923
-1.93899,-2.05525,-1.95428,-1.9696,-1.99695,-2.04058,-2.07822,-1.96142,-2.00578,-2.04138
-1.97054,-1.92745,-2.04394,-1.90605,-2.00567,-2.00832,-2.09322,-1.99584,-2.00104,-2.12801
-1.90605,-2.00567,-2.00832,-2.09322,-1.99584,-2.03536,-2.05581,-2.12459,-1.96266,-1.99294
-2.12459,-1.93899,-2.05525,-1.95428,-1.9696,-1.99695,-2.04058,-2.07822,-2.09853,-2.08412
-2.07822,-1.96142,-1.94771,-1.99827,-1.94164,-1.97335,-1.89039,-2.00276,-2.03747,-2.01234
-2.65125,-2.59116,-2.64517,-2.64757,-2.56998,-2.59829,-2.6981,-2.02228,-2.72479,-2.79746
-2.57773,-2.65383,-1.96258,-1.96837,-1.91975,-1.94893,-1.8971,-1.98375,-2.59829,-2.65806
-2.00404,-1.93047,-1.93568,-1.88024,-1.9628,-1.84799,-1.81428,-1.98605,-1.99827,-2.03422
-1.99817,-2.00404,-1.93047,-1.93568,-1.88024,-1.9628,-1.84799,-1.81428,-1.94771,-2.03733
-1.9915,-2.11751,-2.02222,-1.95227,-1.98656,-1.98102,-1.92838,-1.97663,-1.93899,-2.00578
-1.97663,-1.99817,-2.00404,-1.93047,-1.93568,-1.88024,-1.9628,-1.84799,-1.96142,-2.01628
-2.13058,-1.9915,-2.11751,-2.02222,-1.95227,-1.98656,-1.98102,-1.92838,-2.12459,-2.09853
-2.55688,-2.57773,-2.65383,-1.96258,-1.96837,-1.91975,-1.94893,-1.8971,-2.56998,-2.62929
-1.98986,-1.9632,-2.13058,-1.9915,-2.11751,-2.02222,-1.95227,-1.98656,-2.03536,-2.11552
-2.11751,-2.02222,-1.95227,-1.98656,-1.98102,-1.92838,-1.97663,-1.99817,-2.05525,-2.09064
-2.62443,-2.55688,-2.57773,-2.65383,-1.96258,-1.96837,-1.91975,-1.94893,-2.64757,-2.71132
-1.9632,-2.13058,-1.9915,-2.11751,-2.02222,-1.95227,-1.98656,-1.98102,-2.05581,-2.08086
-2.65383,-1.96258,-1.96837,-1.91975,-1.94893,-1.8971,-1.98375,-2.03229,-2.6981,-2.77284
-1.95227,-1.98656,-1.98102,-1.92838,-1.97663,-1.99817,-2.00404,-1.93047,-1.9696,-2.04805
-2.03229,-2.06895,-2.07737,-1.98986,-1.9632,-2.13058,-1.9915,-2.11751,-2.00832,-2.03075
-1.92838,-1.97663,-1.99817,-2.00404,-1.93047,-1.93568,-1.88024,-1.9628,-2.07822,-2.03747
-1.98375,-2.03229,-2.06895,-2.07737,-1.98986,-1.9632,-2.13058,-1.9915,-2.00567,-2.05556
-1.93047,-1.93568,-1.88024,-1.9628,-1.84799,-1.81428,-1.98605,-1.85062,-1.94164,-2.00062
-1.96837,-1.91975,-1.94893,-1.8971,-1.98375,-2.03229,-2.06895,-2.07737,-1.97054,-2.00104
-1.8971,-1.98375,-2.03229,-2.06895,-2.07737,-1.98986,-1.9632,-2.13058,-1.90605,-1.96266
-2.5737,-2.59877,-2.62931,-2.62443,-2.55688,-2.57773,-2.65383,-1.96258,-2.65125,-2.72479
-1.98656,-1.98102,-1.92838,-1.97663,-1.99817,-2.00404,-1.93047,-1.93568,-1.99695,-2.06541
-1.94893,-1.8971,-1.98375,-2.03229,-2.06895,-2.07737,-1.98986,-1.9632,-2.04394,-2.06311
-2.02222,-1.95227,-1.98656,-1.98102,-1.92838,-1.97663,-1.99817,-2.00404,-1.95428,-2.0175
-2.07737,-1.98986,-1.9632,-2.13058,-1.9915,-2.11751,-2.02222,-1.95227,-1.99584,-1.97937
-1.96258,-1.96837,-1.91975,-1.94893,-1.8971,-1.98375,-2.03229,-2.06895,-2.02228,-2.03143
-1.91975,-1.94893,-1.8971,-1.98375,-2.03229,-2.06895,-2.07737,-1.98986,-1.92745,-2.0124
-2.59877,-2.62931,-2.62443,-2.55688,-2.57773,-2.65383,-1.96258,-1.96837,-2.59116,-2.61093
-2.62931,-2.62443,-2.55688,-2.57773,-2.65383,-1.96258,-1.96837,-1.91975,-2.64517,-2.66958
-2.06895,-2.07737,-1.98986,-1.9632,-2.13058,-1.9915,-2.11751,-2.02222,-2.09322,-2.22148
-1.98102,-1.92838,-1.97663,-1.99817,-2.00404,-1.93047,-1.93568,-1.88024,-2.04058,-2.03981
-2.52069,-2.5737,-2.59877,-2.62931,-2.62443,-2.55688,-2.57773,-2.65383,-2.53467,-2.57095
-1.89244,-1.91494,-1.89389,-1.93174,-1.86506,-1.85656,-1.75517,-1.74104,-1.99817,-1.94771
-1.81177,-1.90392,-1.89829,-2.01029,-2.05736,-2.03911,-2.01391,-2.10196,-1.8971,-1.90605
-2.59768,-2.60356,-2.50054,-2.60908,-1.82311,-1.9628,-1.86304,-1.89617,-2.62443,-2.64757
-1.97252,-1.95339,-1.98642,-1.91116,-1.8839,-1.85825,-1.96592,-1.89244,-2.11751,-2.05525
-2.60356,-2.50054,-2.60908,-1.82311,-1.9628,-1.86304,-1.89617,-1.81177,-2.55688,-2.56998
-2.01391,-2.10196,-1.93346,-1.97252,-1.95339,-1.98642,-1.91116,-1.8839,-1.9632,-2.05581
-1.85825,-1.96592,-1.89244,-1.91494,-1.89389,-1.93174,-1.86506,-1.85656,-1.92838,-2.07822
-2.10196,-1.93346,-1.97252,-1.95339,-1.98642,-1.91116,-1.8839,-1.85825,-2.13058,-2.12459
-1.91116,-1.8839,-1.85825,-1.96592,-1.89244,-1.91494,-1.89389,-1.93174,-1.98656,-1.99695
-2.03911,-2.01391,-2.10196,-1.93346,-1.97252,-1.95339,-1.98642,-1.91116,-1.98986,-2.03536
-1.8839,-1.85825,-1.96592,-1.89244,-1.91494,-1.89389,-1.93174,-1.86506,-1.98102,-2.04058
-1.90392,-1.89829,-2.01029,-2.05736,-2.03911,-2.01391,-2.10196,-1.93346,-1.98375,-2.00567
-1.93346,-1.97252,-1.95339,-1.98642,-1.91116,-1.8839,-1.85825,-1.96592,-1.9915,-1.93899
-2.47877,-2.5881,-2.53923,-2.59768,-2.60356,-2.50054,-2.60908,-1.82311,-2.5737,-2.65125
-2.05736,-2.03911,-2.01391,-2.10196,-1.93346,-1.97252,-1.95339,-1.98642,-2.07737,-1.99584
-1.96592,-1.89244,-1.91494,-1.89389,-1.93174,-1.86506,-1.85656,-1.75517,-1.97663,-1.96142
-2.01029,-2.05736,-2.03911,-2.01391,-2.10196,-1.93346,-1.97252,-1.95339,-2.06895,-2.09322
-1.89389,-1.93174,-1.86506,-1.85656,-1.75517,-1.74104,-1.86251,-1.84664,-1.93047,-1.94164
-1.95339,-1.98642,-1.91116,-1.8839,-1.85825,-1.96592,-1.89244,-1.91494,-2.02222,-1.95428
-1.91494,-1.89389,-1.93174,-1.86506,-1.85656,-1.75517,-1.74104,-1.86251,-2.00404,-1.99827
-1.82311,-1.9628,-1.86304,-1.89617,-1.81177,-1.90392,-1.89829,-2.01029,-1.96258,-2.02228
-1.9628,-1.86304,-1.89617,-1.81177,-1.90392,-1.89829,-2.01029,-2.05736,-1.96837,-1.97054
-1.89617,-1.81177,-1.90392,-1.89829,-2.01029,-2.05736,-2.03911,-2.01391,-1.94893,-2.04394
-1.98642,-1.91116,-1.8839,-1.85825,-1.96592,-1.89244,-1.91494,-1.89389,-1.95227,-1.9696
-2.4532,-2.47877,-2.5881,-2.53923,-2.59768,-2.60356,-2.50054,-2.60908,-2.52069,-2.53467
-1.86304,-1.89617,-1.81177,-1.90392,-1.89829,-2.01029,-2.05736,-2.03911,-1.91975,-1.92745
-2.60908,-1.82311,-1.9628,-1.86304,-1.89617,-1.81177,-1.90392,-1.89829,-2.65383,-2.6981
-2.53923,-2.59768,-2.60356,-2.50054,-2.60908,-1.82311,-1.9628,-1.86304,-2.62931,-2.64517
-2.50054,-2.60908,-1.82311,-1.9628,-1.86304,-1.89617,-1.81177,-1.90392,-2.57773,-2.59829
-1.89829,-2.01029,-2.05736,-2.03911,-2.01391,-2.10196,-1.93346,-1.97252,-2.03229,-2.00832
-2.5881,-2.53923,-2.59768,-2.60356,-2.50054,-2.60908,-1.82311,-1.9628,-2.59877,-2.59116
-1.87,-1.88196,-1.94987,-1.98296,-2.07296,-2.08729,-2.13942,-2.06934,-1.89617,-1.94893
-2.60456,-2.54956,-2.61647,-2.62223,-2.54814,-2.68377,-1.89298,-1.97948,-2.5881,-2.59877
-1.89055,-1.87,-1.88196,-1.94987,-1.98296,-2.07296,-2.08729,-2.13942,-1.86304,-1.91975
-2.54956,-2.61647,-2.62223,-2.54814,-2.68377,-1.89298,-1.97948,-1.89055,-2.53923,-2.62931
-2.08729,-2.13942,-2.06934,-2.16055,-1.99193,-2.02847,-1.94416,-2.06028,-2.05736,-2.07737
-2.07296,-2.08729,-2.13942,-2.06934,-2.16055,-1.99193,-2.02847,-1.94416,-2.01029,-2.06895
-2.47266,-2.55184,-2.60456,-2.54956,-2.61647,-2.62223,-2.54814,-2.68377,-2.4532,-2.52069
-2.54814,-2.68377,-1.89298,-1.97948,-1.89055,-1.87,-1.88196,-1.94987,-2.50054,-2.57773
-1.98296,-2.07296,-2.08729,-2.13942,-2.06934,-2.16055,-1.99193,-2.02847,-1.89829,-2.03229
-2.68377,-1.89298,-1.97948,-1.89055,-1.87,-1.88196,-1.94987,-1.98296,-2.60908,-2.65383
-2.02847,-1.94416,-2.06028,-1.88353,-1.92421,-1.88444,-1.93921,-1.95247,-1.97252,-2.11751
-1.99193,-2.02847,-1.94416,-2.06028,-1.88353,-1.92421,-1.88444,-1.93921,-1.93346,-1.9915
-2.61647,-2.62223,-2.54814,-2.68377,-1.89298,-1.97948,-1.89055,-1.87,-2.59768,-2.62443
-2.06028,-1.88353,-1.92421,-1.88444,-1.93921,-1.95247,-1.97913,-1.97153,-1.98642,-1.95227
-2.13942,-2.06934,-2.16055,-1.99193,-2.02847,-1.94416,-2.06028,-1.88353,-2.03911,-1.98986
-1.88353,-1.92421,-1.88444,-1.93921,-1.95247,-1.97913,-1.97153,-1.93864,-1.91116,-1.98656
-2.62223,-2.54814,-2.68377,-1.89298,-1.97948,-1.89055,-1.87,-1.88196,-2.60356,-2.55688
-1.94987,-1.98296,-2.07296,-2.08729,-2.13942,-2.06934,-2.16055,-1.99193,-1.90392,-1.98375
-1.95247,-1.97913,-1.97153,-1.93864,-1.91917,-1.84364,-1.78245,-1.79576,-1.89244,-1.99817
-1.88196,-1.94987,-1.98296,-2.07296,-2.08729,-2.13942,-2.06934,-2.16055,-1.81177,-1.8971
-1.94416,-2.06028,-1.88353,-1.92421,-1.88444,-1.93921,-1.95247,-1.97913,-1.95339,-2.02222
-1.97153,-1.93864,-1.91917,-1.84364,-1.78245,-1.79576,-1.91713,-1.90163,-1.89389,-1.93047
-1.92421,-1.88444,-1.93921,-1.95247,-1.97913,-1.97153,-1.93864,-1.91917,-1.8839,-1.98102
-1.93921,-1.95247,-1.97913,-1.97153,-1.93864,-1.91917,-1.84364,-1.78245,-1.96592,-1.97663
-1.97913,-1.97153,-1.93864,-1.91917,-1.84364,-1.78245,-1.79576,-1.91713,-1.91494,-2.00404
-2.06934,-2.16055,-1.99193,-2.02847,-1.94416,-2.06028,-1.88353,-1.92421,-2.01391,-1.9632
-1.97948,-1.89055,-1.87,-1.88196,-1.94987,-1.98296,-2.07296,-2.08729,-1.9628,-1.96837
-2.16055,-1.99193,-2.02847,-1.94416,-2.06028,-1.88353,-1.92421,-1.88444,-2.10196,-2.13058
-1.88444,-1.93921,-1.95247,-1.97913,-1.97153,-1.93864,-1.91917,-1.84364,-1.85825,-1.92838
-2.55184,-2.60456,-2.54956,-2.61647,-2.62223,-2.54814,-2.68377,-1.89298,-2.47877,-2.5737
-1.89298,-1.97948,-1.89055,-1.87,-1.88196,-1.94987,-1.98296,-2.07296,-1.82311,-1.96258
-2.5585,-2.62529,-1.88835,-1.96948,-1.86496,-1.79718,-1.81062,-1.86367,-2.54814,-2.50054
-1.8915,-1.93217,-1.91038,-1.80485,-1.82631,-1.77677,-1.77943,-1.88441,-1.97913,-1.91494
-2.59315,-2.58771,-2.5585,-2.62529,-1.88835,-1.96948,-1.86496,-1.79718,-2.61647,-2.59768
-2.58771,-2.5585,-2.62529,-1.88835,-1.96948,-1.86496,-1.79718,-1.81062,-2.62223,-2.60356
-1.86367,-1.98845,-1.96577,-2.06955,-2.06838,-2.06687,-2.13683,-1.98311,-1.94987,-1.90392
-1.94136,-1.8915,-1.93217,-1.91038,-1.80485,-1.82631,-1.77677,-1.77943,-1.95247,-1.89244
-1.81062,-1.86367,-1.98845,-1.96577,-2.06955,-2.06838,-2.06687,-2.13683,-1.88196,-1.81177
-1.98311,-1.93848,-1.87738,-2.04147,-1.85343,-1.86759,-1.81982,-1.8811,-1.99193,-1.93346
-1.81982,-1.8811,-1.94136,-1.8915,-1.93217,-1.91038,-1.80485,-1.82631,-1.88444,-1.85825
-2.13683,-1.98311,-1.93848,-1.87738,-2.04147,-1.85343,-1.86759,-1.81982,-2.16055,-2.10196
-1.86759,-1.81982,-1.8811,-1.94136,-1.8915,-1.93217,-1.91038,-1.80485,-1.92421,-1.8839
-1.8811,-1.94136,-1.8915,-1.93217,-1.91038,-1.80485,-1.82631,-1.77677,-1.93921,-1.96592
-1.98845,-1.96577,-2.06955,-2.06838,-2.06687,-2.13683,-1.98311,-1.93848,-1.98296,-1.89829
-2.06687,-2.13683,-1.98311,-1.93848,-1.87738,-2.04147,-1.85343,-1.86759,-2.06934,-2.01391
-2.06838,-2.06687,-2.13683,-1.98311,-1.93848,-1.87738,-2.04147,-1.85343,-2.13942,-2.03911
-2.04147,-1.85343,-1.86759,-1.81982,-1.8811,-1.94136,-1.8915,-1.93217,-2.06028,-1.98642
-2.06955,-2.06838,-2.06687,-2.13683,-1.98311,-1.93848,-1.87738,-2.04147,-2.08729,-2.05736
-1.93217,-1.91038,-1.80485,-1.82631,-1.77677,-1.77943,-1.88441,-1.83661,-1.97153,-1.89389
-1.96948,-1.86496,-1.79718,-1.81062,-1.86367,-1.98845,-1.96577,-2.06955,-1.97948,-1.9628
-2.48725,-2.53162,-2.53003,-2.59315,-2.58771,-2.5585,-2.62529,-1.88835,-2.55184,-2.47877
-1.88835,-1.96948,-1.86496,-1.79718,-1.81062,-1.86367,-1.98845,-1.96577,-1.89298,-1.82311
-1.79718,-1.81062,-1.86367,-1.98845,-1.96577,-2.06955,-2.06838,-2.06687,-1.87,-1.89617
-1.87738,-2.04147,-1.85343,-1.86759,-1.81982,-1.8811,-1.94136,-1.8915,-1.94416,-1.95339
-1.85343,-1.86759,-1.81982,-1.8811,-1.94136,-1.8915,-1.93217,-1.91038,-1.88353,-1.91116
-1.93848,-1.87738,-2.04147,-1.85343,-1.86759,-1.81982,-1.8811,-1.94136,-2.02847,-1.97252
-2.53003,-2.59315,-2.58771,-2.5585,-2.62529,-1.88835,-1.96948,-1.86496,-2.54956,-2.53923
-1.86496,-1.79718,-1.81062,-1.86367,-1.98845,-1.96577,-2.06955,-2.06838,-1.89055,-1.86304
-2.53162,-2.53003,-2.59315,-2.58771,-2.5585,-2.62529,-1.88835,-1.96948,-2.60456,-2.5881
-1.96577,-2.06955,-2.06838,-2.06687,-2.13683,-1.98311,-1.93848,-1.87738,-2.07296,-2.01029
-2.54682,-2.48725,-2.53162,-2.53003,-2.59315,-2.58771,-2.5585,-2.62529,-2.47266,-2.4532
-2.62529,-1.88835,-1.96948,-1.86496,-1.79718,-1.81062,-1.86367,-1.98845,-2.68377,-2.60908
-2.58843,-2.57978,-2.52149,-1.91883,-1.97378,-1.81886,-1.74454,-1.87793,-2.58771,-2.62223
-1.87793,-1.80361,-1.91569,-1.95693,-2.01118,-2.00913,-2.1034,-2.16649,-1.81062,-1.88196
-2.57562,-2.58843,-2.57978,-2.52149,-1.91883,-1.97378,-1.81886,-1.74454,-2.59315,-2.61647
-1.84329,-1.82154,-1.95781,-1.83108,-2.01108,-1.85474,-1.75447,-1.82913,-1.81982,-1.88444
-2.1034,-2.16649,-1.95394,-2.01187,-1.83999,-2.04978,-1.85667,-1.88875,-2.06687,-2.06934
-2.16649,-1.95394,-2.01187,-1.83999,-2.04978,-1.85667,-1.88875,-1.84329,-2.13683,-2.16055
-1.95781,-1.83108,-2.01108,-1.85474,-1.75447,-1.82913,-1.76893,-1.71788,-1.94136,-1.95247
-1.80361,-1.91569,-1.95693,-2.01118,-2.00913,-2.1034,-2.16649,-1.95394,-1.86367,-1.94987
-1.88875,-1.84329,-1.82154,-1.95781,-1.83108,-2.01108,-1.85474,-1.75447,-1.86759,-1.92421
-2.00913,-2.1034,-2.16649,-1.95394,-2.01187,-1.83999,-2.04978,-1.85667,-2.06838,-2.13942
-2.04978,-1.85667,-1.88875,-1.84329,-1.82154,-1.95781,-1.83108,-2.01108,-2.04147,-2.06028
-1.85667,-1.88875,-1.84329,-1.82154,-1.95781,-1.83108,-2.01108,-1.85474,-1.85343,-1.88353
-2.47089,-2.58776,-2.5479,-2.57562,-2.58843,-2.57978,-2.52149,-1.91883,-2.48725,-2.55184
-1.83999,-2.04978,-1.85667,-1.88875,-1.84329,-1.82154,-1.95781,-1.83108,-1.87738,-1.94416
-2.01118,-2.00913,-2.1034,-2.16649,-1.95394,-2.01187,-1.83999,-2.04978,-2.06955,-2.08729
-1.82154,-1.95781,-1.83108,-2.01108,-1.85474,-1.75447,-1.82913,-1.76893,-1.8811,-1.93921
-1.95394,-2.01187,-1.83999,-2.04978,-1.85667,-1.88875,-1.84329,-1.82154,-1.98311,-1.99193
-1.95693,-2.01118,-2.00913,-2.1034,-2.16649,-1.95394,-2.01187,-1.83999,-1.96577,-2.07296
-1.83108,-2.01108,-1.85474,-1.75447,-1.82913,-1.76893,-1.71788,-1.79975,-1.8915,-1.97913
-1.91883,-1.97378,-1.81886,-1.74454,-1.87793,-1.80361,-1.91569,-1.95693,-1.88835,-1.89298
-2.01108,-1.85474,-1.75447,-1.82913,-1.76893,-1.71788,-1.79975,-1.85829,-1.93217,-1.97153
-2.5479,-2.57562,-2.58843,-2.57978,-2.52149,-1.91883,-1.97378,-1.81886,-2.53003,-2.54956
-2.52232,-2.47089,-2.58776,-2.5479,-2.57562,-2.58843,-2.57978,-2.52149,-2.54682,-2.47266
-1.97378,-1.81886,-1.74454,-1.87793,-1.80361,-1.91569,-1.95693,-2.01118,-1.96948,-1.97948
-1.91569,-1.95693,-2.01118,-2.00913,-2.1034,-2.16649,-1.95394,-2.01187,-1.98845,-1.98296
-1.74454,-1.87793,-1.80361,-1.91569,-1.95693,-2.01118,-2.00913,-2.1034,-1.79718,-1.87
-2.52149,-1.91883,-1.97378,-1.81886,-1.74454,-1.87793,-1.80361,-1.91569,-2.62529,-2.68377
-2.57978,-2.52149,-1.91883,-1.97378,-1.81886,-1.74454,-1.87793,-1.80361,-2.5585,-2.54814
-1.81886,-1.74454,-1.87793,-1.80361,-1.91569,-1.95693,-2.01118,-2.00913,-1.86496,-1.89055
-2.01187,-1.83999,-2.04978,-1.85667,-1.88875,-1.84329,-1.82154,-1.95781,-1.93848,-2.02847
-2.58776,-2.5479,-2.57562,-2.58843,-2.57978,-2.52149,-1.91883,-1.97378,-2.53162,-2.60456
-2.01078,-1.99475,-2.06555,-2.16082,-1.925,-1.93894,-1.9084,-2.01198,-2.01118,-2.06955
-2.46711,-2.42798,-2.46522,-2.52577,-2.5112,-2.55914,-2.48622,-2.48285,-2.52232,-2.54682
-1.92596,-2.01078,-1.99475,-2.06555,-2.16082,-1.925,-1.93894,-1.9084,-1.95693,-1.96577
-2.46522,-2.52577,-2.5112,-2.55914,-2.48622,-2.48285,-1.92574,-1.92554,-2.58776,-2.53162
-2.52577,-2.5112,-2.55914,-2.48622,-2.48285,-1.92574,-1.92554,-1.81218,-2.5479,-2.53003
-1.81218,-1.79553,-1.85405,-1.74156,-1.86133,-1.92596,-2.01078,-1.99475,-1.81886,-1.86496
-1.79553,-1.85405,-1.74156,-1.86133,-1.92596,-2.01078,-1.99475,-2.06555,-1.74454,-1.79718
-2.48285,-1.92574,-1.92554,-1.81218,-1.79553,-1.85405,-1.74156,-1.86133,-2.52149,-2.62529
-2.48622,-2.48285,-1.92574,-1.92554,-1.81218,-1.79553,-1.85405,-1.74156,-2.57978,-2.5585
-1.86133,-1.92596,-2.01078,-1.99475,-2.06555,-2.16082,-1.925,-1.93894,-1.91569,-1.98845
-2.16082,-1.925,-1.93894,-1.9084,-2.01198,-1.79244,-1.82812,-1.83632,-2.16649,-2.13683
-1.93894,-1.9084,-2.01198,-1.79244,-1.82812,-1.83632,-1.77257,-1.93689,-2.01187,-1.93848
-1.93689,-1.7421,-2.02048,-1.85837,-1.75024,-1.7743,-1.74672,-1.74134,-1.95781,-1.94136
-1.77257,-1.93689,-1.7421,-2.02048,-1.85837,-1.75024,-1.7743,-1.74672,-1.82154,-1.8811
-2.55914,-2.48622,-2.48285,-1.92574,-1.92554,-1.81218,-1.79553,-1.85405,-2.58843,-2.58771
-1.925,-1.93894,-1.9084,-2.01198,-1.79244,-1.82812,-1.83632,-1.77257,-1.95394,-1.98311
-2.5112,-2.55914,-2.48622,-2.48285,-1.92574,-1.92554,-1.81218,-1.79553,-2.57562,-2.59315
-1.79244,-1.82812,-1.83632,-1.77257,-1.93689,-1.7421,-2.02048,-1.85837,-1.85667,-1.85343
-1.99475,-2.06555,-2.16082,-1.925,-1.93894,-1.9084,-2.01198,-1.79244,-2.00913,-2.06838
-2.06555,-2.16082,-1.925,-1.93894,-1.9084,-2.01198,-1.79244,-1.82812,-2.1034,-2.06687
-1.74156,-1.86133,-1.92596,-2.01078,-1.99475,-2.06555,-2.16082,-1.925,-1.80361,-1.86367
-1.9084,-2.01198,-1.79244,-1.82812,-1.83632,-1.77257,-1.93689,-1.7421,-1.83999,-1.87738
-1.7421,-2.02048,-1.85837,-1.75024,-1.7743,-1.74672,-1.74134,-1.7629,-1.83108,-1.8915
-1.85405,-1.74156,-1.86133,-1.92596,-2.01078,-1.99475,-2.06555,-2.16082,-1.87793,-1.81062
-2.02048,-1.85837,-1.75024,-1.7743,-1.74672,-1.74134,-1.7629,-1.87863,-2.01108,-1.93217
-1.82812,-1.83632,-1.77257,-1.93689,-1.7421,-2.02048,-1.85837,-1.75024,-1.88875,-1.86759
-2.01198,-1.79244,-1.82812,-1.83632,-1.77257,-1.93689,-1.7421,-2.02048,-2.04978,-2.04147
-1.92554,-1.81218,-1.79553,-1.85405,-1.74156,-1.86133,-1.92596,-2.01078,-1.97378,-1.96948
-1.92574,-1.92554,-1.81218,-1.79553,-1.85405,-1.74156,-1.86133,-1.92596,-1.91883,-1.88835
-2.42798,-2.46522,-2.52577,-2.5112,-2.55914,-2.48622,-2.48285,-1.92574,-2.47089,-2.48725
-1.83632,-1.77257,-1.93689,-1.7421,-2.02048,-1.85837,-1.75024,-1.7743,-1.84329,-1.81982
-1.68127,-1.95647,-1.82979,-1.69432,-1.73883,-1.75776,-1.62473,-1.78888,-1.7421,-1.83108
-1.91713,-1.93832,-1.92497,-1.9316,-1.82586,-1.85047,-1.77942,-1.73358,-1.925,-1.95394
-1.82586,-1.85047,-1.77942,-1.73358,-1.85268,-1.68127,-1.95647,-1.82979,-1.79244,-1.85667
-1.77942,-1.73358,-1.85268,-1.68127,-1.95647,-1.82979,-1.69432,-1.73883,-1.83632,-1.84329
-2.39957,-2.4008,-2.45201,-2.48982,-2.49583,-2.4252,-2.53196,-1.70741,-2.42798,-2.47089
-2.05725,-1.91713,-1.93832,-1.92497,-1.9316,-1.82586,-1.85047,-1.77942,-2.16082,-2.16649
-1.85047,-1.77942,-1.73358,-1.85268,-1.68127,-1.95647,-1.82979,-1.69432,-1.82812,-1.88875
-1.71387,-1.7857,-1.87712,-1.97357,-1.97822,-2.02349,-2.05725,-1.91713,-1.74156,-1.80361
-1.73358,-1.85268,-1.68127,-1.95647,-1.82979,-1.69432,-1.73883,-1.75776,-1.77257,-1.82154
-2.48982,-2.49583,-2.4252,-2.53196,-1.70741,-1.78573,-1.75376,-1.73361,-2.5112,-2.57562
-2.49583,-2.4252,-2.53196,-1.70741,-1.78573,-1.75376,-1.73361,-1.7913,-2.55914,-2.58843
-1.7913,-1.71387,-1.7857,-1.87712,-1.97357,-1.97822,-2.02349,-2.05725,-1.85405,-1.87793
-1.7857,-1.87712,-1.97357,-1.97822,-2.02349,-2.05725,-1.91713,-1.93832,-1.86133,-1.91569
-1.97822,-2.02349,-2.05725,-1.91713,-1.93832,-1.92497,-1.9316,-1.82586,-1.99475,-2.00913
-2.02349,-2.05725,-1.91713,-1.93832,-1.92497,-1.9316,-1.82586,-1.85047,-2.06555,-2.1034
-1.78573,-1.75376,-1.73361,-1.7913,-1.71387,-1.7857,-1.87712,-1.97357,-1.92554,-1.97378
-1.97357,-1.97822,-2.02349,-2.05725,-1.91713,-1.93832,-1.92497,-1.9316,-2.01078,-2.01118
-1.9316,-1.82586,-1.85047,-1.77942,-1.73358,-1.85268,-1.68127,-1.95647,-2.01198,-2.04978
-1.95647,-1.82979,-1.69432,-1.73883,-1.75776,-1.62473,-1.78888,-1.82781,-2.02048,-2.01108
-1.70741,-1.78573,-1.75376,-1.73361,-1.7913,-1.71387,-1.7857,-1.87712,-1.92574,-1.91883
-1.87712,-1.97357,-1.97822,-2.02349,-2.05725,-1.91713,-1.93832,-1.92497,-1.92596,-1.95693
-1.92497,-1.9316,-1.82586,-1.85047,-1.77942,-1.73358,-1.85268,-1.68127,-1.9084,-1.83999
-2.53196,-1.70741,-1.78573,-1.75376,-1.73361,-1.7913,-1.71387,-1.7857,-2.48285,-2.52149
-1.73361,-1.7913,-1.71387,-1.7857,-1.87712,-1.97357,-1.97822,-2.02349,-1.79553,-1.74454
-1.85268,-1.68127,-1.95647,-1.82979,-1.69432,-1.73883,-1.75776,-1.62473,-1.93689,-1.95781
-1.93832,-1.92497,-1.9316,-1.82586,-1.85047,-1.77942,-1.73358,-1.85268,-1.93894,-2.01187
-1.75376,-1.73361,-1.7913,-1.71387,-1.7857,-1.87712,-1.97357,-1.97822,-1.81218,-1.81886
-2.4008,-2.45201,-2.48982,-2.49583,-2.4252,-2.53196,-1.70741,-1.78573,-2.46522,-2.58776
-2.40093,-2.39957,-2.4008,-2.45201,-2.48982,-2.49583,-2.4252,-2.53196,-2.46711,-2.52232
-2.4252,-2.53196,-1.70741,-1.78573,-1.75376,-1.73361,-1.7913,-1.71387,-2.48622,-2.57978
-2.45201,-2.48982,-2.49583,-2.4252,-2.53196,-1.70741,-1.78573,-1.75376,-2.52577,-2.5479
-1.90228,-1.76318,-2.05324,-1.91852,-1.7533,-1.79873,-1.79256,-1.6633,-1.85268,-1.93689
-1.78738,-1.84252,-1.79064,-1.78754,-1.8311,-1.7771,-1.87181,-1.93953,-1.70741,-1.92574
-1.80493,-1.81371,-1.90228,-1.76318,-2.05324,-1.91852,-1.7533,-1.79873,-1.77942,-1.83632
-2.11119,-1.94861,-1.99035,-2.00351,-1.95563,-1.92372,-2.02544,-1.80493,-2.05725,-2.16082
-2.06881,-2.11119,-1.94861,-1.99035,-2.00351,-1.95563,-1.92372,-2.02544,-2.02349,-2.06555
-2.46111,-2.41098,-2.49083,-2.4834,-2.53151,-2.50177,-2.54481,-1.78738,-2.39957,-2.42798
-2.03232,-2.06881,-2.11119,-1.94861,-1.99035,-2.00351,-1.95563,-1.92372,-1.97822,-1.99475
-2.02544,-1.80493,-1.81371,-1.90228,-1.76318,-2.05324,-1.91852,-1.7533,-1.85047,-1.82812
-1.8311,-1.7771,-1.87181,-1.93953,-2.01261,-2.03232,-2.06881,-2.11119,-1.7913,-1.85405
-1.7771,-1.87181,-1.93953,-2.01261,-2.03232,-2.06881,-2.11119,-1.94861,-1.71387,-1.74156
-2.00351,-1.95563,-1.92372,-2.02544,-1.80493,-1.81371,-1.90228,-1.76318,-1.92497,-1.9084
-2.05324,-1.91852,-1.7533,-1.79873,-1.79256,-1.6633,-1.81862,-1.84943,-1.95647,-2.02048
-2.4834,-2.53151,-2.50177,-2.54481,-1.78738,-1.84252,-1.79064,-1.78754,-2.48982,-2.5112
-1.92372,-2.02544,-1.80493,-1.81371,-1.90228,-1.76318,-2.05324,-1.91852,-1.82586,-1.79244
-1.95563,-1.92372,-2.02544,-1.80493,-1.81371,-1.90228,-1.76318,-2.05324,-1.9316,-2.01198
-2.53151,-2.50177,-2.54481,-1.78738,-1.84252,-1.79064,-1.78754,-1.8311,-2.49583,-2.55914
-2.01261,-2.03232,-2.06881,-2.11119,-1.94861,-1.99035,-2.00351,-1.95563,-1.97357,-2.01078
-1.93953,-2.01261,-2.03232,-2.06881,-2.11119,-1.94861,-1.99035,-2.00351,-1.87712,-1.92596
-1.78754,-1.8311,-1.7771,-1.87181,-1.93953,-2.01261,-2.03232,-2.06881,-1.73361,-1.79553
-2.43877,-2.46111,-2.41098,-2.49083,-2.4834,-2.53151,-2.50177,-2.54481,-2.40093,-2.46711
-1.81371,-1.90228,-1.76318,-2.05324,-1.91852,-1.7533,-1.79873,-1.79256,-1.73358,-1.77257
-2.49083,-2.4834,-2.53151,-2.50177,-2.54481,-1.78738,-1.84252,-1.79064,-2.45201,-2.52577
-1.84252,-1.79064,-1.78754,-1.8311,-1.7771,-1.87181,-1.93953,-2.01261,-1.78573,-1.92554
-1.76318,-2.05324,-1.91852,-1.7533,-1.79873,-1.79256,-1.6633,-1.81862,-1.68127,-1.7421
-1.87181,-1.93953,-2.01261,-2.03232,-2.06881,-2.11119,-1.94861,-1.99035,-1.7857,-1.86133
-2.54481,-1.78738,-1.84252,-1.79064,-1.78754,-1.8311,-1.7771,-1.87181,-2.53196,-2.48285
-2.50177,-2.54481,-1.78738,-1.84252,-1.79064,-1.78754,-1.8311,-1.7771,-2.4252,-2.48622
-1.79064,-1.78754,-1.8311,-1.7771,-1.87181,-1.93953,-2.01261,-2.03232,-1.75376,-1.81218
-1.99035,-2.00351,-1.95563,-1.92372,-2.02544,-1.80493,-1.81371,-1.90228,-1.93832,-1.93894
-2.41098,-2.49083,-2.4834,-2.53151,-2.50177,-2.54481,-1.78738,-1.84252,-2.4008,-2.46522
-1.94861,-1.99035,-2.00351,-1.95563,-1.92372,-2.02544,-1.80493,-1.81371,-1.91713,-1.925
-2.47368,-1.88146,-1.89207,-1.83329,-1.74523,-1.86308,-1.77501,-1.91114,-2.54481,-2.53196
-2.44841,-2.43045,-2.53409,-2.57177,-2.57794,-2.47368,-1.88146,-1.89207,-2.41098,-2.4008
-1.83329,-1.74523,-1.86308,-1.77501,-1.91114,-1.98428,-1.98017,-1.97977,-1.79064,-1.75376
-2.4857,-2.50029,-2.44841,-2.43045,-2.53409,-2.57177,-2.57794,-2.47368,-2.43877,-2.40093
-1.98428,-1.98017,-1.97977,-2.01163,-2.11174,-2.01859,-2.07625,-2.06331,-1.93953,-1.87712
-2.43045,-2.53409,-2.57177,-2.57794,-2.47368,-1.88146,-1.89207,-1.83329,-2.49083,-2.45201
-1.74523,-1.86308,-1.77501,-1.91114,-1.98428,-1.98017,-1.97977,-2.01163,-1.78754,-1.73361
-1.91114,-1.98428,-1.98017,-1.97977,-2.01163,-2.11174,-2.01859,-2.07625,-1.87181,-1.7857
-2.57794,-2.47368,-1.88146,-1.89207,-1.83329,-1.74523,-1.86308,-1.77501,-2.50177,-2.4252
-2.07625,-2.06331,-1.98688,-1.93663,-1.95459,-1.87903,-1.86724,-1.89625,-1.99035,-1.93832
-2.11174,-2.01859,-2.07625,-2.06331,-1.98688,-1.93663,-1.95459,-1.87903,-2.11119,-2.05725
-2.53409,-2.57177,-2.57794,-2.47368,-1.88146,-1.89207,-1.83329,-1.74523,-2.4834,-2.48982
-1.97977,-2.01163,-2.11174,-2.01859,-2.07625,-2.06331,-1.98688,-1.93663,-2.03232,-1.97822
-1.89625,-1.7958,-2.08197,-1.96692,-1.75419,-1.83722,-1.7894,-1.76686,-1.90228,-1.85268
-1.86724,-1.89625,-1.7958,-2.08197,-1.96692,-1.75419,-1.83722,-1.7894,-1.81371,-1.73358
-2.01163,-2.11174,-2.01859,-2.07625,-2.06331,-1.98688,-1.93663,-1.95459,-2.06881,-2.02349
-1.77501,-1.91114,-1.98428,-1.98017,-1.97977,-2.01163,-2.11174,-2.01859,-1.7771,-1.71387
-2.01859,-2.07625,-2.06331,-1.98688,-1.93663,-1.95459,-1.87903,-1.86724,-1.94861,-1.91713
-1.87903,-1.86724,-1.89625,-1.7958,-2.08197,-1.96692,-1.75419,-1.83722,-1.80493,-1.77942
-1.86308,-1.77501,-1.91114,-1.98428,-1.98017,-1.97977,-2.01163,-2.11174,-1.8311,-1.7913
-1.93663,-1.95459,-1.87903,-1.86724,-1.89625,-1.7958,-2.08197,-1.96692,-1.92372,-1.82586
-2.57177,-2.57794,-2.47368,-1.88146,-1.89207,-1.83329,-1.74523,-1.86308,-2.53151,-2.49583
-2.50029,-2.44841,-2.43045,-2.53409,-2.57177,-2.57794,-2.47368,-1.88146,-2.46111,-2.39957
-1.89207,-1.83329,-1.74523,-1.86308,-1.77501,-1.91114,-1.98428,-1.98017,-1.84252,-1.78573
-1.7958,-2.08197,-1.96692,-1.75419,-1.83722,-1.7894,-1.76686,-1.77784,-1.76318,-1.68127
-1.95459,-1.87903,-1.86724,-1.89625,-1.7958,-2.08197,-1.96692,-1.75419,-2.02544,-1.85047
-1.98017,-1.97977,-2.01163,-2.11174,-2.01859,-2.07625,-2.06331,-1.98688,-2.01261,-1.97357
-2.08197,-1.96692,-1.75419,-1.83722,-1.7894,-1.76686,-1.77784,-1.93578,-2.05324,-1.95647
-1.98688,-1.93663,-1.95459,-1.87903,-1.86724,-1.89625,-1.7958,-2.08197,-1.95563,-1.9316
-1.88146,-1.89207,-1.83329,-1.74523,-1.86308,-1.77501,-1.91114,-1.98428,-1.78738,-1.70741
-2.06331,-1.98688,-1.93663,-1.95459,-1.87903,-1.86724,-1.89625,-1.7958,-2.00351,-1.92497
-1.89087,-2.07691,-1.97661,-1.83248,-1.86052,-1.77709,-1.83932,-1.82347,-1.7958,-1.76318
-2.03961,-2.12143,-2.05243,-2.05543,-1.96793,-2.04555,-1.95719,-1.89138,-2.01859,-1.94861
-1.96898,-1.94399,-1.82388,-1.86351,-1.86694,-2.02324,-2.01853,-2.0237,-1.89207,-1.84252
-1.89138,-1.96464,-1.89087,-2.07691,-1.97661,-1.83248,-1.86052,-1.77709,-1.86724,-1.81371
-1.95719,-1.89138,-1.96464,-1.89087,-2.07691,-1.97661,-1.83248,-1.86052,-1.87903,-1.80493
-2.56507,-2.47998,-2.50068,-2.65169,-2.61948,-2.5668,-2.49388,-1.9251,-2.50029,-2.46111
-2.10758,-2.03961,-2.12143,-2.05243,-2.05543,-1.96793,-2.04555,-1.95719,-2.11174,-2.11119
-2.05243,-2.05543,-1.96793,-2.04555,-1.95719,-1.89138,-1.96464,-1.89087,-2.06331,-2.00351
-1.96793,-2.04555,-1.95719,-1.89138,-1.96464,-1.89087,-2.07691,-1.97661,-1.93663,-1.92372
-2.65169,-2.61948,-2.5668,-2.49388,-1.9251,-1.96898,-1.94399,-1.82388,-2.53409,-2.4834
-2.61948,-2.5668,-2.49388,-1.9251,-1.96898,-1.94399,-1.82388,-1.86351,-2.57177,-2.53151
-2.04555,-1.95719,-1.89138,-1.96464,-1.89087,-2.07691,-1.97661,-1.83248,-1.95459,-2.02544
-1.86694,-2.02324,-2.01853,-2.0237,-2.03308,-2.04191,-2.10758,-2.03961,-1.77501,-1.7771
-1.86351,-1.86694,-2.02324,-2.01853,-2.0237,-2.03308,-2.04191,-2.10758,-1.86308,-1.8311
-2.05543,-1.96793,-2.04555,-1.95719,-1.89138,-1.96464,-1.89087,-2.07691,-1.98688,-1.95563
-2.12143,-2.05243,-2.05543,-1.96793,-2.04555,-1.95719,-1.89138,-1.96464,-2.07625,-1.99035
-2.04191,-2.10758,-2.03961,-2.12143,-2.05243,-2.05543,-1.96793,-2.04555,-2.01163,-2.06881
-2.03308,-2.04191,-2.10758,-2.03961,-2.12143,-2.05243,-2.05543,-1.96793,-1.97977,-2.03232
-2.0237,-2.03308,-2.04191,-2.10758,-2.03961,-2.12143,-2.05243,-2.05543,-1.98017,-2.01261
-2.01853,-2.0237,-2.03308,-2.04191,-2.10758,-2.03961,-2.12143,-2.05243,-1.98428,-1.93953
-2.07691,-1.97661,-1.83248,-1.86052,-1.77709,-1.83932,-1.82347,-1.9224,-2.08197,-2.05324
-1.9251,-1.96898,-1.94399,-1.82388,-1.86351,-1.86694,-2.02324,-2.01853,-1.88146,-1.78738
-2.51803,-2.56507,-2.47998,-2.50068,-2.65169,-2.61948,-2.5668,-2.49388,-2.4857,-2.43877
-2.49388,-1.9251,-1.96898,-1.94399,-1.82388,-1.86351,-1.86694,-2.02324,-2.47368,-2.54481
-2.5668,-2.49388,-1.9251,-1.96898,-1.94399,-1.82388,-1.86351,-1.86694,-2.57794,-2.50177
-1.96464,-1.89087,-2.07691,-1.97661,-1.83248,-1.86052,-1.77709,-1.83932,-1.89625,-1.90228
-1.82388,-1.86351,-1.86694,-2.02324,-2.01853,-2.0237,-2.03308,-2.04191,-1.74523,-1.78754
-2.47998,-2.50068,-2.65169,-2.61948,-2.5668,-2.49388,-1.9251,-1.96898,-2.44841,-2.41098
-2.50068,-2.65169,-2.61948,-2.5668,-2.49388,-1.9251,-1.96898,-1.94399,-2.43045,-2.49083
-2.02324,-2.01853,-2.0237,-2.03308,-2.04191,-2.10758,-2.03961,-2.12143,-1.91114,-1.87181
-1.94399,-1.82388,-1.86351,-1.86694,-2.02324,-2.01853,-2.0237,-2.03308,-1.83329,-1.79064
-2.15492,-2.1101,-2.04744,-2.08896,-2.05096,-1.95742,-2.03805,-2.00918,-2.05243,-2.06331
-2.12418,-2.00872,-1.89055,-1.93886,-1.8814,-1.90095,-1.83329,-1.91895,-2.07691,-2.08197
-1.94973,-1.99941,-1.97845,-1.92277,-1.98645,-1.99623,-2.0532,-2.07787,-1.9251,-1.88146
-2.71266,-2.66663,-2.61996,-2.56934,-1.94973,-1.99941,-1.97845,-1.92277,-2.65169,-2.53409
-2.58244,-2.592,-2.61606,-2.71266,-2.66663,-2.61996,-2.56934,-1.94973,-2.56507,-2.50029
-1.98645,-1.99623,-2.0532,-2.07787,-2.101,-2.13327,-2.06493,-2.22043,-1.86351,-1.86308
-2.05096,-1.95742,-2.03805,-2.00918,-2.12418,-2.00872,-1.89055,-1.93886,-1.95719,-1.87903
-2.04744,-2.08896,-2.05096,-1.95742,-2.03805,-2.00918,-2.12418,-2.00872,-1.96793,-1.93663
-2.08896,-2.05096,-1.95742,-2.03805,-2.00918,-2.12418,-2.00872,-1.89055,-2.04555,-1.95459
-2.13327,-2.06493,-2.22043,-2.07344,-2.13997,-2.15492,-2.1101,-2.04744,-2.03308,-1.97977
-1.99623,-2.0532,-2.07787,-2.101,-2.13327,-2.06493,-2.22043,-2.07344,-1.86694,-1.77501
-2.1101,-2.04744,-2.08896,-2.05096,-1.95742,-2.03805,-2.00918,-2.12418,-2.05543,-1.98688
-2.59637,-2.58244,-2.592,-2.61606,-2.71266,-2.66663,-2.61996,-2.56934,-2.51803,-2.4857
-1.97845,-1.92277,-1.98645,-1.99623,-2.0532,-2.07787,-2.101,-2.13327,-1.94399,-1.83329
-1.92277,-1.98645,-1.99623,-2.0532,-2.07787,-2.101,-2.13327,-2.06493,-1.82388,-1.74523
-2.61606,-2.71266,-2.66663,-2.61996,-2.56934,-1.94973,-1.99941,-1.97845,-2.50068,-2.43045
-1.99941,-1.97845,-1.92277,-1.98645,-1.99623,-2.0532,-2.07787,-2.101,-1.96898,-1.89207
-2.07787,-2.101,-2.13327,-2.06493,-2.22043,-2.07344,-2.13997,-2.15492,-2.01853,-1.98428
-2.00918,-2.12418,-2.00872,-1.89055,-1.93886,-1.8814,-1.90095,-1.83329,-1.89087,-1.7958
-2.56934,-1.94973,-1.99941,-1.97845,-1.92277,-1.98645,-1.99623,-2.0532,-2.49388,-2.47368
-2.0532,-2.07787,-2.101,-2.13327,-2.06493,-2.22043,-2.07344,-2.13997,-2.02324,-1.91114
-2.61996,-2.56934,-1.94973,-1.99941,-1.97845,-1.92277,-1.98645,-1.99623,-2.5668,-2.57794
-2.06493,-2.22043,-2.07344,-2.13997,-2.15492,-2.1101,-2.04744,-2.08896,-2.04191,-2.01163
-2.101,-2.13327,-2.06493,-2.22043,-2.07344,-2.13997,-2.15492,-2.1101,-2.0237,-1.98017
-2.03805,-2.00918,-2.12418,-2.00872,-1.89055,-1.93886,-1.8814,-1.90095,-1.96464,-1.89625
-2.592,-2.61606,-2.71266,-2.66663,-2.61996,-2.56934,-1.94973,-1.99941,-2.47998,-2.44841
-2.13997,-2.15492,-2.1101,-2.04744,-2.08896,-2.05096,-1.95742,-2.03805,-2.12143,-2.07625
-2.07344,-2.13997,-2.15492,-2.1101,-2.04744,-2.08896,-2.05096,-1.95742,-2.03961,-2.01859
-2.66663,-2.61996,-2.56934,-1.94973,-1.99941,-1.97845,-1.92277,-1.98645,-2.61948,-2.57177
-2.22043,-2.07344,-2.13997,-2.15492,-2.1101,-2.04744,-2.08896,-2.05096,-2.10758,-2.11174
-1.95742,-2.03805,-2.00918,-2.12418,-2.00872,-1.89055,-1.93886,-1.8814,-1.89138,-1.86724
-2.72514,-2.66726,-2.6403,-2.66277,-2.72528,-2.70976,-2.67946,-2.67087,-2.59637,-2.51803
-2.67087,-2.06766,-2.03722,-2.047,-1.97061,-2.05085,-2.05196,-2.05959,-2.56934,-2.49388
-2.67946,-2.67087,-2.06766,-2.03722,-2.047,-1.97061,-2.05085,-2.05196,-2.61996,-2.5668
-2.047,-1.97061,-2.05085,-2.05196,-2.05959,-2.16746,-2.18511,-2.1757,-1.97845,-1.94399
-2.66277,-2.72528,-2.70976,-2.67946,-2.67087,-2.06766,-2.03722,-2.047,-2.61606,-2.50068
-2.6403,-2.66277,-2.72528,-2.70976,-2.67946,-2.67087,-2.06766,-2.03722,-2.592,-2.47998
-1.97061,-2.05085,-2.05196,-2.05959,-2.16746,-2.18511,-2.1757,-2.10887,-1.92277,-1.82388
-2.05959,-2.16746,-2.18511,-2.1757,-2.10887,-2.25384,-2.14789,-2.15155,-2.0532,-2.02324
-2.25384,-2.14789,-2.15155,-2.14768,-2.18068,-2.08184,-2.14227,-2.03292,-2.22043,-2.10758
-2.1757,-2.10887,-2.25384,-2.14789,-2.15155,-2.14768,-2.18068,-2.08184,-2.13327,-2.03308
-2.08184,-2.14227,-2.03292,-2.00944,-2.12374,-2.07954,-2.17479,-2.07139,-2.04744,-1.96793
-2.05196,-2.05959,-2.16746,-2.18511,-2.1757,-2.10887,-2.25384,-2.14789,-1.99623,-1.86694
-2.00944,-2.12374,-2.07954,-2.17479,-2.07139,-1.98645,-1.9974,-2.0075,-1.95742,-1.89138
-2.12374,-2.07954,-2.17479,-2.07139,-1.98645,-1.9974,-2.0075,-1.96606,-2.03805,-1.96464
-2.66726,-2.6403,-2.66277,-2.72528,-2.70976,-2.67946,-2.67087,-2.06766,-2.58244,-2.56507
-2.14789,-2.15155,-2.14768,-2.18068,-2.08184,-2.14227,-2.03292,-2.00944,-2.07344,-2.03961
-2.10887,-2.25384,-2.14789,-2.15155,-2.14768,-2.18068,-2.08184,-2.14227,-2.06493,-2.04191
-2.15155,-2.14768,-2.18068,-2.08184,-2.14227,-2.03292,-2.00944,-2.12374,-2.13997,-2.12143
-2.03292,-2.00944,-2.12374,-2.07954,-2.17479,-2.07139,-1.98645,-1.9974,-2.05096,-1.95719
-2.14227,-2.03292,-2.00944,-2.12374,-2.07954,-2.17479,-2.07139,-1.98645,-2.08896,-2.04555
-2.05085,-2.05196,-2.05959,-2.16746,-2.18511,-2.1757,-2.10887,-2.25384,-1.98645,-1.86351
-2.70976,-2.67946,-2.67087,-2.06766,-2.03722,-2.047,-1.97061,-2.05085,-2.66663,-2.61948
-2.03722,-2.047,-1.97061,-2.05085,-2.05196,-2.05959,-2.16746,-2.18511,-1.99941,-1.96898
-2.06766,-2.03722,-2.047,-1.97061,-2.05085,-2.05196,-2.05959,-2.16746,-1.94973,-1.9251
-2.17479,-2.07139,-1.98645,-1.9974,-2.0075,-1.96606,-1.94519,-1.94439,-2.12418,-2.07691
-2.18068,-2.08184,-2.14227,-2.03292,-2.00944,-2.12374,-2.07954,-2.17479,-2.1101,-2.05543
-2.18511,-2.1757,-2.10887,-2.25384,-2.14789,-2.15155,-2.14768,-2.18068,-2.101,-2.0237
-2.72528,-2.70976,-2.67946,-2.67087,-2.06766,-2.03722,-2.047,-1.97061,-2.71266,-2.65169
-2.14768,-2.18068,-2.08184,-2.14227,-2.03292,-2.00944,-2.12374,-2.07954,-2.15492,-2.05243
-2.07954,-2.17479,-2.07139,-1.98645,-1.9974,-2.0075,-1.96606,-1.94519,-2.00918,-1.89087
-2.16746,-2.18511,-2.1757,-2.10887,-2.25384,-2.14789,-2.15155,-2.14768,-2.07787,-2.01853
-2.25106,-2.2521,-2.17568,-2.25237,-2.14102,-2.17028,-2.09384,-2.11343,-2.14789,-2.07344
-2.17568,-2.25237,-2.14102,-2.17028,-2.09384,-2.11343,-2.18729,-2.16348,-2.14768,-2.15492
-2.25237,-2.14102,-2.17028,-2.09384,-2.11343,-2.18729,-2.16348,-2.19399,-2.18068,-2.1101
-2.16348,-2.19399,-2.09712,-2.0577,-2.04409,-2.10364,-2.07285,-2.09212,-2.07954,-2.00918
-2.19399,-2.09712,-2.0577,-2.04409,-2.10364,-2.07285,-2.09212,-2.12176,-2.17479,-2.12418
-2.73126,-2.69128,-2.73668,-2.75832,-2.74359,-2.77907,-2.73283,-2.12886,-2.66726,-2.58244
-2.1452,-2.09937,-2.04901,-2.12195,-2.08366,-2.17397,-2.2133,-2.21719,-2.03722,-1.99941
-2.12886,-2.1452,-2.09937,-2.04901,-2.12195,-2.08366,-2.17397,-2.2133,-2.06766,-1.94973
-2.75832,-2.74359,-2.77907,-2.73283,-2.12886,-2.1452,-2.09937,-2.04901,-2.72528,-2.71266
-2.74359,-2.77907,-2.73283,-2.12886,-2.1452,-2.09937,-2.04901,-2.12195,-2.70976,-2.66663
-2.12195,-2.08366,-2.17397,-2.2133,-2.21719,-2.24527,-2.1906,-2.27223,-2.05085,-1.98645
-2.11343,-2.18729,-2.16348,-2.19399,-2.09712,-2.0577,-2.04409,-2.10364,-2.00944,-1.95742
-2.14102,-2.17028,-2.09384,-2.11343,-2.18729,-2.16348,-2.19399,-2.09712,-2.08184,-2.04744
-2.09384,-2.11343,-2.18729,-2.16348,-2.19399,-2.09712,-2.0577,-2.04409,-2.03292,-2.05096
-2.1906,-2.27223,-2.25106,-2.2521,-2.17568,-2.25237,-2.14102,-2.17028,-2.10887,-2.06493
-2.27223,-2.25106,-2.2521,-2.17568,-2.25237,-2.14102,-2.17028,-2.09384,-2.25384,-2.22043
-2.17028,-2.09384,-2.11343,-2.18729,-2.16348,-2.19399,-2.09712,-2.0577,-2.14227,-2.08896
-2.2521,-2.17568,-2.25237,-2.14102,-2.17028,-2.09384,-2.11343,-2.18729,-2.15155,-2.13997
-2.08366,-2.17397,-2.2133,-2.21719,-2.24527,-2.1906,-2.27223,-2.25106,-2.05196,-1.99623
-2.24527,-2.1906,-2.27223,-2.25106,-2.2521,-2.17568,-2.25237,-2.14102,-2.1757,-2.13327
-2.72945,-2.73126,-2.69128,-2.73668,-2.75832,-2.74359,-2.77907,-2.73283,-2.72514,-2.59637
-2.21719,-2.24527,-2.1906,-2.27223,-2.25106,-2.2521,-2.17568,-2.25237,-2.18511,-2.101
-2.2133,-2.21719,-2.24527,-2.1906,-2.27223,-2.25106,-2.2521,-2.17568,-2.16746,-2.07787
-2.73283,-2.12886,-2.1452,-2.09937,-2.04901,-2.12195,-2.08366,-2.17397,-2.67087,-2.56934
-2.04901,-2.12195,-2.08366,-2.17397,-2.2133,-2.21719,-2.24527,-2.1906,-1.97061,-1.92277
-2.69128,-2.73668,-2.75832,-2.74359,-2.77907,-2.73283,-2.12886,-2.1452,-2.6403,-2.592
-2.77907,-2.73283,-2.12886,-2.1452,-2.09937,-2.04901,-2.12195,-2.08366,-2.67946,-2.61996
-2.18729,-2.16348,-2.19399,-2.09712,-2.0577,-2.04409,-2.10364,-2.07285,-2.12374,-2.03805
-2.17397,-2.2133,-2.21719,-2.24527,-2.1906,-2.27223,-2.25106,-2.2521,-2.05959,-2.0532
-2.73668,-2.75832,-2.74359,-2.77907,-2.73283,-2.12886,-2.1452,-2.09937,-2.66277,-2.61606
-2.09937,-2.04901,-2.12195,-2.08366,-2.17397,-2.2133,-2.21719,-2.24527,-2.047,-1.97845
-2.21811,-2.25089,-2.17646,-2.14053,-2.08994,-2.13719,-2.16763,-2.17741,-2.17568,-2.14768
-2.25167,-2.15036,-2.08629,-2.08473,-2.04369,-2.07758,-2.13027,-2.14519,-2.19399,-2.17479
-2.17646,-2.14053,-2.08994,-2.13719,-2.16763,-2.17741,-2.25167,-2.15036,-2.14102,-2.08184
-2.09202,-2.14324,-2.1385,-2.07768,-2.10557,-2.09626,-2.20717,-2.19105,-2.12886,-2.06766
-2.711,-2.73554,-2.7712,-2.78335,-2.75815,-2.77328,-2.73398,-2.09202,-2.73126,-2.66726
-2.10557,-2.09626,-2.20717,-2.19105,-2.21106,-2.27604,-2.29769,-2.33727,-2.12195,-2.05085
-2.14053,-2.08994,-2.13719,-2.16763,-2.17741,-2.25167,-2.15036,-2.08629,-2.17028,-2.14227
-2.25089,-2.17646,-2.14053,-2.08994,-2.13719,-2.16763,-2.17741,-2.25167,-2.25237,-2.18068
-2.75927,-2.711,-2.73554,-2.7712,-2.78335,-2.75815,-2.77328,-2.73398,-2.72945,-2.72514
-2.14324,-2.1385,-2.07768,-2.10557,-2.09626,-2.20717,-2.19105,-2.21106,-2.1452,-2.03722
-2.1385,-2.07768,-2.10557,-2.09626,-2.20717,-2.19105,-2.21106,-2.27604,-2.09937,-2.047
-2.73398,-2.09202,-2.14324,-2.1385,-2.07768,-2.10557,-2.09626,-2.20717,-2.73283,-2.67087
-2.07768,-2.10557,-2.09626,-2.20717,-2.19105,-2.21106,-2.27604,-2.29769,-2.04901,-1.97061
-2.19105,-2.21106,-2.27604,-2.29769,-2.33727,-2.23829,-2.29258,-2.21811,-2.2133,-2.16746
-2.7712,-2.78335,-2.75815,-2.77328,-2.73398,-2.09202,-2.14324,-2.1385,-2.73668,-2.66277
-2.73554,-2.7712,-2.78335,-2.75815,-2.77328,-2.73398,-2.09202,-2.14324,-2.69128,-2.6403
-2.20717,-2.19105,-2.21106,-2.27604,-2.29769,-2.33727,-2.23829,-2.29258,-2.17397,-2.05959
-2.21106,-2.27604,-2.29769,-2.33727,-2.23829,-2.29258,-2.21811,-2.25089,-2.21719,-2.18511
-2.17741,-2.25167,-2.15036,-2.08629,-2.08473,-2.04369,-2.07758,-2.13027,-2.16348,-2.07954
-2.77328,-2.73398,-2.09202,-2.14324,-2.1385,-2.07768,-2.10557,-2.09626,-2.77907,-2.67946
-2.13719,-2.16763,-2.17741,-2.25167,-2.15036,-2.08629,-2.08473,-2.04369,-2.11343,-2.00944
-2.29769,-2.33727,-2.23829,-2.29258,-2.21811,-2.25089,-2.17646,-2.14053,-2.1906,-2.10887
-2.09626,-2.20717,-2.19105,-2.21106,-2.27604,-2.29769,-2.33727,-2.23829,-2.08366,-2.05196
-2.78335,-2.75815,-2.77328,-2.73398,-2.09202,-2.14324,-2.1385,-2.07768,-2.75832,-2.72528
-2.16763,-2.17741,-2.25167,-2.15036,-2.08629,-2.08473,-2.04369,-2.07758,-2.18729,-2.12374
-2.29258,-2.21811,-2.25089,-2.17646,-2.14053,-2.08994,-2.13719,-2.16763,-2.2521,-2.15155
-2.75815,-2.77328,-2.73398,-2.09202,-2.14324,-2.1385,-2.07768,-2.10557,-2.74359,-2.70976
-2.33727,-2.23829,-2.29258,-2.21811,-2.25089,-2.17646,-2.14053,-2.08994,-2.27223,-2.25384
-2.23829,-2.29258,-2.21811,-2.25089,-2.17646,-2.14053,-2.08994,-2.13719,-2.25106,-2.14789
-2.08994,-2.13719,-2.16763,-2.17741,-2.25167,-2.15036,-2.08629,-2.08473,-2.09384,-2.03292
-2.27604,-2.29769,-2.33727,-2.23829,-2.29258,-2.21811,-2.25089,-2.17646,-2.24527,-2.1757
