0.0144,0.0,-0.0286,0.5876,0.0,-0.0004,0.0
0.0271,0.0,-0.7914,0.5855,0.0,-0.0214,0.0
0.0329,0.0,-0.8597,0.5835,0.0,-0.0283,0.0
0.0373,0.0,0.4426,0.5816,0.0,0.0165,0.0
0.0582,0.0,0.9448,0.5799,0.0,0.0550,0.0
0.0948,0.0,0.2281,0.5783,0.0,0.0216,0.0
0.1519,0.0,-0.4629,0.5768,0.0,-0.0703,0.0
0.2649,0.0,-0.9388,0.5755,0.0,-0.2487,0.0
0.4239,0.0,-0.8406,0.5742,0.0,-0.3564,0.0
0.5550,0.0,0.0435,0.5729,0.0,0.0241,0.0
0.5769,0.0,0.8958,0.5718,0.0,0.5168,0.0
0.4660,0.0,0.8675,0.5707,0.0,0.4043,0.0
0.3139,0.0,0.4014,0.5697,0.0,0.1260,0.0
0.3337,0.0,0.1433,0.5687,0.0,0.0478,0.0
0.4944,0.0,-0.5242,0.5678,0.0,-0.2592,0.0
0.6514,0.0,-0.9969,0.5670,0.0,-0.6494,0.0
0.7814,0.0,-0.6004,0.5662,0.0,-0.4692,0.0
0.8735,0.0,0.3583,0.5654,0.0,0.3129,0.0
0.9010,0.0,0.9710,0.5650,0.0,0.8749,0.0
0.8663,0.0,0.8148,0.5644,0.0,0.7059,0.0
0.8304,0.0,0.1966,0.5638,0.0,0.1632,0.0
0.8138,0.0,-0.5341,0.5635,0.0,-0.4346,0.0
0.7339,0.0,-0.9888,0.5632,0.0,-0.7256,0.0
0.5417,0.0,-0.6927,0.5628,0.0,-0.3752,0.0
0.3054,0.0,0.3333,0.5623,0.0,0.1018,0.0
0.1636,0.0,0.9524,0.5618,0.0,0.1558,0.0
0.1868,0.0,-0.2452,0.5610,0.0,-0.0458,0.0
0.2463,0.0,-0.9481,0.5600,0.0,-0.2335,0.0
0.2709,0.0,-0.7646,0.5587,0.0,-0.2071,0.0
0.2503,0.0,0.5014,0.5570,0.0,0.1255,0.0
0.3270,0.0,0.7586,0.5550,0.0,0.2480,0.0
0.5311,0.0,-0.4991,0.5528,0.0,-0.2651,0.0
0.6699,0.0,-0.9971,0.5504,0.0,-0.6679,0.0
0.6113,0.0,-0.4639,0.5478,0.0,-0.2836,0.0
0.3421,0.0,0.3327,0.5455,0.0,0.1138,0.0
0.1877,0.0,-0.3438,0.5434,0.0,-0.0645,0.0
0.5103,0.0,0.0558,0.5419,0.0,0.0285,0.0
0.6950,0.0,0.8603,0.5411,0.0,0.5979,0.0
0.6487,0.0,0.8482,0.5410,0.0,0.5502,0.0
0.4381,0.0,-0.2271,0.5417,0.0,-0.0995,0.0
0.2422,0.0,-0.9332,0.5434,0.0,-0.2260,0.0
0.2605,0.0,0.6861,0.5458,0.0,0.1788,0.0
0.3073,0.0,0.8683,0.5487,0.0,0.2668,0.0
0.2550,0.0,-0.0442,0.5521,0.0,-0.0113,0.0
0.1286,0.0,-0.9070,0.5557,0.0,-0.1166,0.0
0.0450,0.0,0.6303,0.5593,0.0,0.0283,0.0
0.1391,0.0,0.8434,0.5630,0.0,0.1173,0.0
0.1969,0.0,0.4068,0.5665,0.0,0.0801,0.0
0.2904,0.0,0.0929,0.5700,0.0,0.0270,0.0
0.4980,0.0,-0.4358,0.5735,0.0,-0.2170,0.0
0.7324,0.0,-0.9475,0.5771,0.0,-0.6940,0.0
0.8550,0.0,-0.8379,0.5807,0.0,-0.7164,0.0
0.7831,0.0,-0.0743,0.5846,0.0,-0.0582,0.0
0.5472,0.0,0.6844,0.5891,0.0,0.3745,0.0
0.3063,0.0,0.9439,0.5938,0.0,0.2891,0.0
0.2583,0.0,0.9814,0.5990,0.0,0.2535,0.0
0.2606,0.0,0.8875,0.6046,0.0,0.2313,0.0
0.1837,0.0,-0.1259,0.6107,0.0,-0.0231,0.0
0.1941,0.0,-0.8423,0.6170,0.0,-0.1635,0.0
0.3964,0.0,0.4137,0.6235,0.0,0.1640,0.0
0.6267,0.0,0.9996,0.6301,0.0,0.6265,0.0
0.7889,0.0,0.4767,0.6365,0.0,0.3760,0.0
0.8125,0.0,-0.6113,0.6429,0.0,-0.4967,0.0
0.6818,0.0,-0.9532,0.6488,0.0,-0.6498,0.0
0.4415,0.0,0.0465,0.6541,0.0,0.0205,0.0
0.1868,0.0,0.9961,0.6589,0.0,0.1861,0.0
0.1312,0.0,-0.9473,0.6630,0.0,-0.1243,0.0
0.2007,0.0,-0.2217,0.6663,0.0,-0.0445,0.0
0.1714,0.0,0.8863,0.6688,0.0,0.1519,0.0
0.0994,0.0,0.4316,0.6706,0.0,0.0429,0.0
0.1368,0.0,-0.9912,0.6717,0.0,-0.1356,0.0
0.2643,0.0,-0.6438,0.6721,0.0,-0.1701,0.0
0.4318,0.0,0.1033,0.6719,0.0,0.0446,0.0
0.5919,0.0,0.7967,0.6711,0.0,0.4715,0.0
0.6704,0.0,0.9816,0.6698,0.0,0.6580,0.0
0.6299,0.0,0.5108,0.6680,0.0,0.3218,0.0
0.4967,0.0,-0.3155,0.6660,0.0,-0.1567,0.0
0.3235,0.0,-0.9740,0.6635,0.0,-0.3151,0.0
0.2269,0.0,-0.1122,0.6607,0.0,-0.0255,0.0
0.3910,0.0,0.9993,0.6576,0.0,0.3907,0.0
0.6046,0.0,0.4847,0.6542,0.0,0.2931,0.0
0.7051,0.0,-0.4281,0.6507,0.0,-0.3018,0.0
0.6651,0.0,-0.9667,0.6469,0.0,-0.6430,0.0
0.5339,0.0,-0.8537,0.6428,0.0,-0.4558,0.0
0.3813,0.0,-0.2472,0.6386,0.0,-0.0943,0.0
0.2458,0.0,0.5757,0.6342,0.0,0.1415,0.0
0.1359,0.0,0.9740,0.6296,0.0,0.1323,0.0
0.0875,0.0,-0.2458,0.6247,0.0,-0.0215,0.0
0.0668,0.0,-1.0000,0.6197,0.0,-0.0668,0.0
0.0067,0.0,-0.2009,0.6144,0.0,-0.0013,0.0
0.0904,0.0,-0.4407,0.6089,0.0,-0.0398,0.0
0.1642,0.0,-0.9862,0.6032,0.0,-0.1620,0.0
0.1826,0.0,-0.7691,0.5972,0.0,-0.1405,0.0
0.1460,0.0,-0.0196,0.5910,0.0,-0.0029,0.0
0.0641,0.0,0.5390,0.5847,0.0,0.0346,0.0
0.0588,0.0,0.2092,0.5784,0.0,0.0123,0.0
0.0706,0.0,0.8268,0.5722,0.0,0.0584,0.0
0.0795,0.0,0.9270,0.5665,0.0,0.0737,0.0
0.1198,0.0,-0.2681,0.5617,0.0,-0.0321,0.0
0.1426,0.0,-0.9562,0.5581,0.0,-0.1364,0.0
0.0889,0.0,0.3011,0.5566,0.0,0.0268,0.0
0.0209,0.0,-0.0319,0.6990,0.0,-0.0007,0.0
0.0398,0.0,-0.8040,0.6977,0.0510,-0.0320,0.0583
0.0492,0.0,-0.8446,0.6965,0.0497,-0.0416,0.0569
0.0568,0.0,0.4508,0.6954,0.0483,0.0256,0.0556
0.0869,0.0,0.9459,0.6943,0.0468,0.0822,0.0542
0.1400,0.0,0.2208,0.6934,0.0454,0.0309,0.0528
0.2239,0.0,-0.4816,0.6926,0.0439,-0.1078,0.0513
0.3905,0.0,-0.9488,0.6918,0.0424,-0.3705,0.0499
0.6266,0.0,-0.8213,0.6911,0.0409,-0.5146,0.0484
0.8239,0.0,0.0802,0.6903,0.0394,0.0661,0.0469
0.8603,0.0,0.9120,0.6897,0.0378,0.7846,0.0453
0.6982,0.0,0.8470,0.6891,0.0362,0.5914,0.0438
0.4717,0.0,0.3570,0.6885,0.0347,0.1684,0.0422
0.4962,0.0,0.0886,0.6879,0.0331,0.0440,0.0407
0.7322,0.0,-0.5686,0.6874,0.0314,-0.4163,0.0391
0.9651,0.0,-0.9997,0.6870,0.0298,-0.9648,0.0375
1.1590,0.0,-0.5569,0.6865,0.0282,-0.6454,0.0359
1.2963,0.0,0.4084,0.6861,0.0267,0.5294,0.0343
1.3363,0.0,0.9832,0.6858,0.0251,1.3138,0.0328
1.2826,0.0,0.7756,0.6854,0.0237,0.9948,0.0314
1.2258,0.0,0.1229,0.6851,0.0223,0.1507,0.0301
1.2006,0.0,-0.6030,0.6849,0.0211,-0.7239,0.0288
1.0910,0.0,-0.9983,0.6846,0.0200,-1.0891,0.0278
0.8231,0.0,-0.6201,0.6843,0.0191,-0.5104,0.0270
0.4863,0.0,0.4038,0.6839,0.0184,0.1964,0.0265
0.2586,0.0,0.9651,0.6834,0.0180,0.2496,0.0262
0.2554,0.0,-0.2435,0.6828,0.0179,-0.0622,0.0264
0.3387,0.0,-0.9740,0.6819,0.0181,-0.3299,0.0270
0.3934,0.0,-0.6640,0.6807,0.0187,-0.2612,0.0280
0.3981,0.0,0.5982,0.6793,0.0196,0.2381,0.0295
0.5019,0.0,0.7509,0.6776,0.0209,0.3769,0.0315
0.7620,0.0,-0.5320,0.6757,0.0224,-0.4054,0.0340
0.9541,0.0,-0.9871,0.6736,0.0243,-0.9418,0.0369
0.8852,0.0,-0.3499,0.6714,0.0264,-0.3097,0.0402
0.5110,0.0,0.5035,0.6693,0.0287,0.2573,0.0438
0.2303,0.0,-0.1578,0.6675,0.0310,-0.0363,0.0476
0.7161,0.0,0.1696,0.6659,0.0334,0.1215,0.0515
1.0201,0.0,0.9147,0.6649,0.0356,0.9330,0.0554
0.9818,0.0,0.7826,0.6645,0.0377,0.7684,0.0592
0.6818,0.0,-0.3145,0.6647,0.0395,-0.2144,0.0629
0.3717,0.0,-0.9235,0.6657,0.0410,-0.3432,0.0662
0.3729,0.0,0.7311,0.6672,0.0422,0.2726,0.0692
0.4471,0.0,0.8147,0.6692,0.0430,0.3642,0.0719
0.3773,0.0,-0.1583,0.6716,0.0434,-0.0597,0.0742
0.1980,0.0,-0.9578,0.6742,0.0434,-0.1896,0.0759
0.0737,0.0,0.5327,0.6770,0.0431,0.0392,0.0773
0.1930,0.0,0.8334,0.6798,0.0424,0.1608,0.0782
0.2691,0.0,0.3580,0.6826,0.0414,0.0963,0.0787
0.3977,0.0,0.0376,0.6853,0.0401,0.0150,0.0788
0.6938,0.0,-0.4964,0.6880,0.0385,-0.3444,0.0785
1.0345,0.0,-0.9719,0.6909,0.0367,-1.0055,0.0779
1.2244,0.0,-0.7749,0.6938,0.0347,-0.9487,0.0770
1.1405,0.0,0.0515,0.6969,0.0325,0.0588,0.0758
0.8131,0.0,0.7863,0.7003,0.0302,0.6394,0.0744
0.4569,0.0,0.9901,0.7039,0.0279,0.4524,0.0729
0.3733,0.0,1.0000,0.7078,0.0255,0.3733,0.0713
0.3921,0.0,0.8031,0.7121,0.0231,0.3149,0.0698
0.2993,0.0,-0.2311,0.7166,0.0208,-0.0692,0.0682
0.2911,0.0,-0.8569,0.7214,0.0186,-0.2495,0.0668
0.5598,0.0,0.4515,0.7262,0.0166,0.2527,0.0656
0.8956,0.0,0.9990,0.7311,0.0147,0.8947,0.0645
1.1456,0.0,0.4008,0.7359,0.0130,0.4592,0.0638
1.1978,0.0,-0.6780,0.7407,0.0115,-0.8121,0.0633
1.0196,0.0,-0.9235,0.7451,0.0101,-0.9416,0.0631
0.6727,0.0,0.1307,0.7492,0.0089,0.0880,0.0632
0.2986,0.0,0.9889,0.7529,0.0079,0.2953,0.0636
0.1893,0.0,-0.9371,0.7560,0.0069,-0.1774,0.0642
0.2843,0.0,-0.1648,0.7587,0.0061,-0.0469,0.0651
0.2511,0.0,0.9302,0.7607,0.0053,0.2336,0.0660
0.1616,0.0,0.3529,0.7622,0.0046,0.0570,0.0671
0.2039,0.0,-0.9865,0.7632,0.0039,-0.2012,0.0682
0.3703,0.0,-0.6348,0.7637,0.0032,-0.2351,0.0692
0.5997,0.0,0.1455,0.7636,0.0026,0.0873,0.0702
0.8263,0.0,0.8344,0.7632,0.0019,0.6895,0.0711
0.9472,0.0,0.9618,0.7623,0.0012,0.9110,0.0719
0.9062,0.0,0.4192,0.7610,0.0005,0.3799,0.0726
0.7362,0.0,-0.4253,0.7594,-0.0002,-0.3131,0.0731
0.5104,0.0,-0.9928,0.7575,-0.0009,-0.5067,0.0735
0.3650,0.0,-0.1515,0.7553,-0.0017,-0.0553,0.0738
0.5466,0.0,0.9982,0.7529,-0.0024,0.5456,0.0740
0.8410,0.0,0.4516,0.7502,-0.0032,0.3798,0.0742
0.9988,0.0,-0.4878,0.7473,-0.0039,-0.4872,0.0742
0.9619,0.0,-0.9851,0.7442,-0.0046,-0.9476,0.0742
0.7888,0.0,-0.7982,0.7409,-0.0053,-0.6296,0.0742
0.5772,0.0,-0.1466,0.7373,-0.0060,-0.0846,0.0742
0.3853,0.0,0.6413,0.7336,-0.0066,0.2471,0.0742
0.2208,0.0,0.9739,0.7296,-0.0072,0.2150,0.0743
0.1274,0.0,-0.1652,0.7253,-0.0077,-0.0210,0.0745
0.0913,0.0,-0.9976,0.7208,-0.0080,-0.0910,0.0748
0.0214,0.0,0.3408,0.7159,-0.0083,0.0073,0.0753
0.1153,0.0,-0.3726,0.7107,-0.0084,-0.0429,0.0760
0.2197,0.0,-0.9889,0.7051,-0.0082,-0.2173,0.0771
0.2542,0.0,-0.7270,0.6990,-0.0077,-0.1848,0.0786
0.2140,0.0,0.0838,0.6925,-0.0068,0.0179,0.0805
0.1032,0.0,0.7103,0.6855,-0.0055,0.0733,0.0831
0.0776,0.0,0.4373,0.6780,-0.0036,0.0340,0.0863
0.1043,0.0,0.8888,0.6701,-0.0010,0.0927,0.0903
0.1249,0.0,0.9207,0.6619,0.0023,0.1150,0.0949
0.1744,0.0,-0.1861,0.6537,0.0063,-0.0325,0.1001
